name	chest
spatial_sampling	taxel
taxel2Repr (  -1  -1  -1  -1  -1  -1  -1  -1  -1  -1  -1  -1  -1  -1  -1  -1  -1  -1  -1  -1  -1  -1  -1  -1  -1  -1  -1  -1  -1  -1  -1  -1  -1  -1  -1  -1  -1  -1  -1  -1  -1  -1  -1  -1  -1  -1  -1  -1  -1  -1  -1  -1  -1  -1  -1  -1  -1  -1  -1  -1  63  63  63  63  63  63  -2  63  63  63  -2  63  75  75  75  75  75  75  -2  75  75  75  -2  75  87  87  87  87  87  87  -2  87  87  87  -2  87  99  99  99  99  99  99  -2  99  99  99  -2  99  111  111  111  111  111  111  -2  111  111  111  -2  111  123  123  123  123  123  123  -2  123  123  123  -2  123  135  135  135  135  135  135  -2  135  135  135  -2  135  -1  -1  -1  -1  -1  -1  -1  -1  -1  -1  -1  -1  -1  -1  -1  -1  -1  -1  -1  -1  -1  -1  -1  -1  -1  -1  -1  -1  -1  -1  -1  -1  -1  -1  -1  -1  -1  -1  -1  -1  -1  -1  -1  -1  -1  -1  -1  -1  -1  -1  -1  -1  -1  -1  -1  -1  -1  -1  -1  -1  207  207  207  207  207  207  -2  207  207  207  -2  207  219  219  219  219  219  219  -2  219  219  219  -2  219  231  231  231  231  231  231  -2  231  231  231  -2  231  -1  -1  -1  -1  -1  -1  -1  -1  -1  -1  -1  -1  -1  -1  -1  -1  -1  -1  -1  -1  -1  -1  -1  -1  267  267  267  267  267  267  -2  267  267  267  -2  267  279  279  279  279  279  279  -2  279  279  279  -2  279  291  291  291  291  291  291  -2  291  291  291  -2  291  303  303  303  303  303  303  -2  303  303  303  -2  303  315  315  315  315  315  315  -2  315  315  315  -2  315  327  327  327  327  327  327  -2  327  327  327  -2  327  339  339  339  339  339  339  -2  339  339  339  -2  339  351  351  351  351  351  351  -2  351  351  351  -2  351  -1  -1  -1  -1  -1  -1  -1  -1  -1  -1  -1  -1  -1  -1  -1  -1  -1  -1  -1  -1  -1  -1  -1  -1  387  387  387  387  387  387  -2  387  387  387  -2  387  399  399  399  399  399  399  -2  399  399  399  -2  399  411  411  411  411  411  411  -2  411  411  411  -2  411  423  423  423  423  423  423  -2  423  423  423  -2  423  435  435  435  435  435  435  -2  435  435  435  -2  435  447  447  447  447  447  447  -2  447  447  447  -2  447  459  459  459  459  459  459  -2  459  459  459  -2  459  471  471  471  471  471  471  -2  471  471  471  -2  471  -1  -1  -1  -1  -1  -1  -1  -1  -1  -1  -1  -1  495  495  495  495  495  495  -2  495  495  495  -2  495  507  507  507  507  507  507  -2  507  507  507  -2  507  519  519  519  519  519  519  -2  519  519  519  -2  519  531  531  531  531  531  531  -2  531  531  531  -2  531  543  543  543  543  543  543  -2  543  543  543  -2  543  555  555  555  555  555  555  -2  555  555  555  -2  555  567  567  567  567  567  567  -2  567  567  567  -2  567  -1  -1  -1  -1  -1  -1  -1  -1  -1  -1  -1  -1  591  591  591  591  591  591  -2  591  591  591  -2  591  603  603  603  603  603  603  -2  603  603  603  -2  603  -1  -1  -1  -1  -1  -1  -1  -1  -1  -1  -1  -1  627  627  627  627  627  627  -2  627  627  627  -2  627  -1  -1  -1  -1  -1  -1  -1  -1  -1  -1  -1  -1  -1  -1  -1  -1  -1  -1  -1  -1  -1  -1  -1  -1  -1  -1  -1  -1  -1  -1  -1  -1  -1  -1  -1  -1  675  675  675  675  675  675  -2  675  675  675  -2  675  687  687  687  687  687  687  -2  687  687  687  -2  687  699  699  699  699  699  699  -2  699  699  699  -2  699  711  711  711  711  711  711  -2  711  711  711  -2  711  723  723  723  723  723  723  -2  723  723  723  -2  723  735  735  735  735  735  735  -2  735  735  735  -2  735  747  747  747  747  747  747  -2  747  747  747  -2  747  -1  -1  -1  -1  -1  -1  -1  -1  -1  -1  -1  -1  -1  -1  -1  -1  -1  -1  -1  -1  -1  -1  -1  -1  -1  -1  -1  -1  -1  -1  -1  -1  -1  -1  -1  -1  -1  -1  -1  -1  -1  -1  -1  -1  -1  -1  -1  -1  -1  -1  -1  -1  -1  -1  -1  -1  -1  -1  -1  -1  -1  -1  -1  -1  -1  -1  -1  -1  -1  -1  -1  -1  -1  -1  -1  -1  -1  -1  -1  -1  -1  -1  -1  -1  -1  -1  -1  -1  -1  -1  -1  -1  -1  -1  -1  -1  -1  -1  -1  -1  -1  -1  -1  -1  -1  -1  -1  -1  -1  -1  -1  -1  -1  -1  -1  -1  -1  -1  -1  -1  -1  -1  -1  -1  -1  -1  -1  -1  -1  -1  -1  -1  -1  -1  -1  -1  -1  -1  -1  -1  -1  -1  -1  -1  -1  -1  -1  -1  -1  -1  -1  -1  -1  -1  -1  -1  -1  -1  -1  -1  -1  -1  -1  -1  -1  -1  -1  -1  -1  -1  -1  -1  -1  -1  -1  -1  -1  -1  -1  -1  -1  -1  -1  -1  -1  -1  -1  -1  -1  -1  -1  -1  -1  -1  -1  -1  -1  -1  -1  -1  -1  -1  -1  -1 )
[calibration]
0.000000 0.000000 0.000000 0.000000 0.000000 0.000000
0.000000 0.000000 0.000000 0.000000 0.000000 0.000000
0.000000 0.000000 0.000000 0.000000 0.000000 0.000000
0.000000 0.000000 0.000000 0.000000 0.000000 0.000000
0.000000 0.000000 0.000000 0.000000 0.000000 0.000000
0.000000 0.000000 0.000000 0.000000 0.000000 0.000000
0.000000 0.000000 0.000000 0.000000 0.000000 0.000000
0.000000 0.000000 0.000000 0.000000 0.000000 0.000000
0.000000 0.000000 0.000000 0.000000 0.000000 0.000000
0.000000 0.000000 0.000000 0.000000 0.000000 0.000000
0.000000 0.000000 0.000000 0.000000 0.000000 0.000000
0.000000 0.000000 0.000000 0.000000 0.000000 0.000000
0.000000 0.000000 0.000000 0.000000 0.000000 0.000000
0.000000 0.000000 0.000000 0.000000 0.000000 0.000000
0.000000 0.000000 0.000000 0.000000 0.000000 0.000000
0.000000 0.000000 0.000000 0.000000 0.000000 0.000000
0.000000 0.000000 0.000000 0.000000 0.000000 0.000000
0.000000 0.000000 0.000000 0.000000 0.000000 0.000000
0.000000 0.000000 0.000000 0.000000 0.000000 0.000000
0.000000 0.000000 0.000000 0.000000 0.000000 0.000000
0.000000 0.000000 0.000000 0.000000 0.000000 0.000000
0.000000 0.000000 0.000000 0.000000 0.000000 0.000000
0.000000 0.000000 0.000000 0.000000 0.000000 0.000000
0.000000 0.000000 0.000000 0.000000 0.000000 0.000000
0.000000 0.000000 0.000000 0.000000 0.000000 0.000000
0.000000 0.000000 0.000000 0.000000 0.000000 0.000000
0.000000 0.000000 0.000000 0.000000 0.000000 0.000000
0.000000 0.000000 0.000000 0.000000 0.000000 0.000000
0.000000 0.000000 0.000000 0.000000 0.000000 0.000000
0.000000 0.000000 0.000000 0.000000 0.000000 0.000000
0.000000 0.000000 0.000000 0.000000 0.000000 0.000000
0.000000 0.000000 0.000000 0.000000 0.000000 0.000000
0.000000 0.000000 0.000000 0.000000 0.000000 0.000000
0.000000 0.000000 0.000000 0.000000 0.000000 0.000000
0.000000 0.000000 0.000000 0.000000 0.000000 0.000000
0.000000 0.000000 0.000000 0.000000 0.000000 0.000000
0.000000 0.000000 0.000000 0.000000 0.000000 0.000000
0.000000 0.000000 0.000000 0.000000 0.000000 0.000000
0.000000 0.000000 0.000000 0.000000 0.000000 0.000000
0.000000 0.000000 0.000000 0.000000 0.000000 0.000000
0.000000 0.000000 0.000000 0.000000 0.000000 0.000000
0.000000 0.000000 0.000000 0.000000 0.000000 0.000000
0.000000 0.000000 0.000000 0.000000 0.000000 0.000000
0.000000 0.000000 0.000000 0.000000 0.000000 0.000000
0.000000 0.000000 0.000000 0.000000 0.000000 0.000000
0.000000 0.000000 0.000000 0.000000 0.000000 0.000000
0.000000 0.000000 0.000000 0.000000 0.000000 0.000000
0.000000 0.000000 0.000000 0.000000 0.000000 0.000000
0.000000 0.000000 0.000000 0.000000 0.000000 0.000000
0.000000 0.000000 0.000000 0.000000 0.000000 0.000000
0.000000 0.000000 0.000000 0.000000 0.000000 0.000000
0.000000 0.000000 0.000000 0.000000 0.000000 0.000000
0.000000 0.000000 0.000000 0.000000 0.000000 0.000000
0.000000 0.000000 0.000000 0.000000 0.000000 0.000000
0.000000 0.000000 0.000000 0.000000 0.000000 0.000000
0.000000 0.000000 0.000000 0.000000 0.000000 0.000000
0.000000 0.000000 0.000000 0.000000 0.000000 0.000000
0.000000 0.000000 0.000000 0.000000 0.000000 0.000000
0.000000 0.000000 0.000000 0.000000 0.000000 0.000000
0.000000 0.000000 0.000000 0.000000 0.000000 0.000000
-0.045937 0.106979 0.066105 1.000000 0.000000 0.000000
-0.042462 0.112510 0.066332 1.000000 0.000000 0.000000
-0.039867 0.106930 0.068525 1.000000 0.000000 0.000000
-0.043341 0.101400 0.068298 1.000000 0.000000 0.000000
-0.037271 0.101349 0.070718 1.000000 0.000000 0.000000
-0.034675 0.095770 0.072911 1.000000 0.000000 0.000000
0.000000 0.000000 0.000000 0.000000 0.000000 0.000000
-0.040745 0.095820 0.070491 1.000000 0.000000 0.000000
-0.046815 0.095869 0.068071 1.000000 0.000000 0.000000
-0.052883 0.095921 0.065652 1.000000 0.000000 0.000000
0.000000 0.000000 0.000000 0.000000 0.000000 0.000000
-0.049412 0.101450 0.065878 1.000000 0.000000 0.000000
-0.039648 0.137498 0.048306 1.000000 0.000000 0.000000
-0.033378 0.138955 0.049435 1.000000 0.000000 0.000000
-0.036475 0.134665 0.053267 1.000000 0.000000 0.000000
-0.042745 0.133208 0.052137 1.000000 0.000000 0.000000
-0.039574 0.130374 0.057098 1.000000 0.000000 0.000000
-0.042671 0.126084 0.060930 1.000000 0.000000 0.000000
0.000000 0.000000 0.000000 0.000000 0.000000 0.000000
-0.045843 0.128918 0.055968 1.000000 0.000000 0.000000
-0.049015 0.131752 0.051008 1.000000 0.000000 0.000000
-0.052185 0.134586 0.046048 1.000000 0.000000 0.000000
0.000000 0.000000 0.000000 0.000000 0.000000 0.000000
-0.045917 0.136043 0.047176 1.000000 0.000000 0.000000
-0.033833 0.144624 0.036686 1.000000 0.000000 0.000000
-0.030552 0.143284 0.042177 1.000000 0.000000 0.000000
-0.036925 0.141909 0.041763 1.000000 0.000000 0.000000
-0.040206 0.143250 0.036273 1.000000 0.000000 0.000000
-0.043299 0.140534 0.041349 1.000000 0.000000 0.000000
-0.049673 0.139160 0.040935 1.000000 0.000000 0.000000
0.000000 0.000000 0.000000 0.000000 0.000000 0.000000
-0.046580 0.141875 0.035859 1.000000 0.000000 0.000000
-0.043488 0.144590 0.030782 1.000000 0.000000 0.000000
-0.040395 0.147304 0.025709 1.000000 0.000000 0.000000
0.000000 0.000000 0.000000 0.000000 0.000000 0.000000
-0.037114 0.145965 0.031196 1.000000 0.000000 0.000000
-0.006907 0.137726 0.051892 1.000000 0.000000 0.000000
-0.000372 0.137745 0.051848 1.000000 0.000000 0.000000
-0.003597 0.134283 0.056352 1.000000 0.000000 0.000000
-0.010132 0.134263 0.056396 1.000000 0.000000 0.000000
-0.006823 0.130819 0.060857 1.000000 0.000000 0.000000
-0.010048 0.127357 0.065361 1.000000 0.000000 0.000000
0.000000 0.000000 0.000000 0.000000 0.000000 0.000000
-0.013357 0.130801 0.060901 1.000000 0.000000 0.000000
-0.016667 0.134244 0.056440 1.000000 0.000000 0.000000
-0.019974 0.137687 0.051981 1.000000 0.000000 0.000000
0.000000 0.000000 0.000000 0.000000 0.000000 0.000000
-0.013441 0.137707 0.051936 1.000000 0.000000 0.000000
-0.030191 0.132191 0.057425 1.000000 0.000000 0.000000
-0.026941 0.136747 0.054049 1.000000 0.000000 0.000000
-0.023694 0.132647 0.057964 1.000000 0.000000 0.000000
-0.026944 0.128091 0.061340 1.000000 0.000000 0.000000
-0.020447 0.128546 0.061880 1.000000 0.000000 0.000000
-0.017200 0.124447 0.065796 1.000000 0.000000 0.000000
0.000000 0.000000 0.000000 0.000000 0.000000 0.000000
-0.023697 0.123992 0.065255 1.000000 0.000000 0.000000
-0.030194 0.123536 0.064716 1.000000 0.000000 0.000000
-0.036688 0.123082 0.064175 1.000000 0.000000 0.000000
0.000000 0.000000 0.000000 0.000000 0.000000 0.000000
-0.033441 0.127636 0.060800 1.000000 0.000000 0.000000
-0.033357 0.111119 0.069246 1.000000 0.000000 0.000000
-0.036516 0.116322 0.066868 1.000000 0.000000 0.000000
-0.030060 0.116581 0.067835 1.000000 0.000000 0.000000
-0.026901 0.111378 0.070214 1.000000 0.000000 0.000000
-0.023603 0.116840 0.068803 1.000000 0.000000 0.000000
-0.017147 0.117100 0.069770 1.000000 0.000000 0.000000
0.000000 0.000000 0.000000 0.000000 0.000000 0.000000
-0.020445 0.111637 0.071181 1.000000 0.000000 0.000000
-0.023742 0.106174 0.072592 1.000000 0.000000 0.000000
-0.027040 0.100715 0.074002 1.000000 0.000000 0.000000
0.000000 0.000000 0.000000 0.000000 0.000000 0.000000
-0.030199 0.105915 0.071624 1.000000 0.000000 0.000000
-0.013691 0.097244 0.075664 1.000000 0.000000 0.000000
-0.020220 0.097273 0.075377 1.000000 0.000000 0.000000
-0.016871 0.102736 0.074105 1.000000 0.000000 0.000000
-0.010342 0.102707 0.074392 1.000000 0.000000 0.000000
-0.013522 0.108200 0.072832 1.000000 0.000000 0.000000
-0.010173 0.113663 0.071560 1.000000 0.000000 0.000000
0.000000 0.000000 0.000000 0.000000 0.000000 0.000000
-0.006993 0.108171 0.073119 1.000000 0.000000 0.000000
-0.003814 0.102679 0.074679 1.000000 0.000000 0.000000
-0.000637 0.097188 0.076238 1.000000 0.000000 0.000000
0.000000 0.000000 0.000000 0.000000 0.000000 0.000000
-0.007163 0.097215 0.075952 1.000000 0.000000 0.000000
0.000000 0.000000 0.000000 0.000000 0.000000 0.000000
0.000000 0.000000 0.000000 0.000000 0.000000 0.000000
0.000000 0.000000 0.000000 0.000000 0.000000 0.000000
0.000000 0.000000 0.000000 0.000000 0.000000 0.000000
0.000000 0.000000 0.000000 0.000000 0.000000 0.000000
0.000000 0.000000 0.000000 0.000000 0.000000 0.000000
0.000000 0.000000 0.000000 0.000000 0.000000 0.000000
0.000000 0.000000 0.000000 0.000000 0.000000 0.000000
0.000000 0.000000 0.000000 0.000000 0.000000 0.000000
0.000000 0.000000 0.000000 0.000000 0.000000 0.000000
0.000000 0.000000 0.000000 0.000000 0.000000 0.000000
0.000000 0.000000 0.000000 0.000000 0.000000 0.000000
0.000000 0.000000 0.000000 0.000000 0.000000 0.000000
0.000000 0.000000 0.000000 0.000000 0.000000 0.000000
0.000000 0.000000 0.000000 0.000000 0.000000 0.000000
0.000000 0.000000 0.000000 0.000000 0.000000 0.000000
0.000000 0.000000 0.000000 0.000000 0.000000 0.000000
0.000000 0.000000 0.000000 0.000000 0.000000 0.000000
0.000000 0.000000 0.000000 0.000000 0.000000 0.000000
0.000000 0.000000 0.000000 0.000000 0.000000 0.000000
0.000000 0.000000 0.000000 0.000000 0.000000 0.000000
0.000000 0.000000 0.000000 0.000000 0.000000 0.000000
0.000000 0.000000 0.000000 0.000000 0.000000 0.000000
0.000000 0.000000 0.000000 0.000000 0.000000 0.000000
0.000000 0.000000 0.000000 0.000000 0.000000 0.000000
0.000000 0.000000 0.000000 0.000000 0.000000 0.000000
0.000000 0.000000 0.000000 0.000000 0.000000 0.000000
0.000000 0.000000 0.000000 0.000000 0.000000 0.000000
0.000000 0.000000 0.000000 0.000000 0.000000 0.000000
0.000000 0.000000 0.000000 0.000000 0.000000 0.000000
0.000000 0.000000 0.000000 0.000000 0.000000 0.000000
0.000000 0.000000 0.000000 0.000000 0.000000 0.000000
0.000000 0.000000 0.000000 0.000000 0.000000 0.000000
0.000000 0.000000 0.000000 0.000000 0.000000 0.000000
0.000000 0.000000 0.000000 0.000000 0.000000 0.000000
0.000000 0.000000 0.000000 0.000000 0.000000 0.000000
0.000000 0.000000 0.000000 0.000000 0.000000 0.000000
0.000000 0.000000 0.000000 0.000000 0.000000 0.000000
0.000000 0.000000 0.000000 0.000000 0.000000 0.000000
0.000000 0.000000 0.000000 0.000000 0.000000 0.000000
0.000000 0.000000 0.000000 0.000000 0.000000 0.000000
0.000000 0.000000 0.000000 0.000000 0.000000 0.000000
0.000000 0.000000 0.000000 0.000000 0.000000 0.000000
0.000000 0.000000 0.000000 0.000000 0.000000 0.000000
0.000000 0.000000 0.000000 0.000000 0.000000 0.000000
0.000000 0.000000 0.000000 0.000000 0.000000 0.000000
0.000000 0.000000 0.000000 0.000000 0.000000 0.000000
0.000000 0.000000 0.000000 0.000000 0.000000 0.000000
0.000000 0.000000 0.000000 0.000000 0.000000 0.000000
0.000000 0.000000 0.000000 0.000000 0.000000 0.000000
0.000000 0.000000 0.000000 0.000000 0.000000 0.000000
0.000000 0.000000 0.000000 0.000000 0.000000 0.000000
0.000000 0.000000 0.000000 0.000000 0.000000 0.000000
0.000000 0.000000 0.000000 0.000000 0.000000 0.000000
0.000000 0.000000 0.000000 0.000000 0.000000 0.000000
0.000000 0.000000 0.000000 0.000000 0.000000 0.000000
0.000000 0.000000 0.000000 0.000000 0.000000 0.000000
0.000000 0.000000 0.000000 0.000000 0.000000 0.000000
0.000000 0.000000 0.000000 0.000000 0.000000 0.000000
0.000000 0.000000 0.000000 0.000000 0.000000 0.000000
-0.060283 0.035438 0.057453 1.000000 0.000000 0.000000
-0.064801 0.035380 0.052731 1.000000 0.000000 0.000000
-0.062880 0.041052 0.055344 1.000000 0.000000 0.000000
-0.058363 0.041110 0.060066 1.000000 0.000000 0.000000
-0.060960 0.046724 0.057957 1.000000 0.000000 0.000000
-0.059039 0.052395 0.060569 1.000000 0.000000 0.000000
0.000000 0.000000 0.000000 0.000000 0.000000 0.000000
-0.056442 0.046781 0.062678 1.000000 0.000000 0.000000
-0.053845 0.041168 0.064788 1.000000 0.000000 0.000000
-0.051250 0.035555 0.066895 1.000000 0.000000 0.000000
0.000000 0.000000 0.000000 0.000000 0.000000 0.000000
-0.055766 0.035496 0.062175 1.000000 0.000000 0.000000
-0.063268 0.021585 0.052556 1.000000 0.000000 0.000000
-0.066063 0.027182 0.050666 1.000000 0.000000 0.000000
-0.061440 0.027235 0.055282 1.000000 0.000000 0.000000
-0.058645 0.021638 0.057172 1.000000 0.000000 0.000000
-0.056816 0.027288 0.059899 1.000000 0.000000 0.000000
-0.052193 0.027341 0.064514 1.000000 0.000000 0.000000
0.000000 0.000000 0.000000 0.000000 0.000000 0.000000
-0.054022 0.021691 0.061787 1.000000 0.000000 0.000000
-0.055850 0.016041 0.059061 1.000000 0.000000 0.000000
-0.057680 0.010393 0.056335 1.000000 0.000000 0.000000
0.000000 0.000000 0.000000 0.000000 0.000000 0.000000
-0.060474 0.015988 0.054445 1.000000 0.000000 0.000000
-0.047433 0.006055 0.063301 1.000000 0.000000 0.000000
-0.053176 0.006077 0.060182 1.000000 0.000000 0.000000
-0.050729 0.011649 0.062557 1.000000 0.000000 0.000000
-0.044986 0.011628 0.065676 1.000000 0.000000 0.000000
-0.048281 0.017222 0.064932 1.000000 0.000000 0.000000
-0.045834 0.022794 0.067307 1.000000 0.000000 0.000000
0.000000 0.000000 0.000000 0.000000 0.000000 0.000000
-0.042538 0.017200 0.068050 1.000000 0.000000 0.000000
-0.039243 0.011606 0.068794 1.000000 0.000000 0.000000
-0.035950 0.006013 0.069536 1.000000 0.000000 0.000000
0.000000 0.000000 0.000000 0.000000 0.000000 0.000000
-0.041691 0.006033 0.066419 1.000000 0.000000 0.000000
0.000000 0.000000 0.000000 0.000000 0.000000 0.000000
0.000000 0.000000 0.000000 0.000000 0.000000 0.000000
0.000000 0.000000 0.000000 0.000000 0.000000 0.000000
0.000000 0.000000 0.000000 0.000000 0.000000 0.000000
0.000000 0.000000 0.000000 0.000000 0.000000 0.000000
0.000000 0.000000 0.000000 0.000000 0.000000 0.000000
0.000000 0.000000 0.000000 0.000000 0.000000 0.000000
0.000000 0.000000 0.000000 0.000000 0.000000 0.000000
0.000000 0.000000 0.000000 0.000000 0.000000 0.000000
0.000000 0.000000 0.000000 0.000000 0.000000 0.000000
0.000000 0.000000 0.000000 0.000000 0.000000 0.000000
0.000000 0.000000 0.000000 0.000000 0.000000 0.000000
0.000000 0.000000 0.000000 0.000000 0.000000 0.000000
0.000000 0.000000 0.000000 0.000000 0.000000 0.000000
0.000000 0.000000 0.000000 0.000000 0.000000 0.000000
0.000000 0.000000 0.000000 0.000000 0.000000 0.000000
0.000000 0.000000 0.000000 0.000000 0.000000 0.000000
0.000000 0.000000 0.000000 0.000000 0.000000 0.000000
0.000000 0.000000 0.000000 0.000000 0.000000 0.000000
0.000000 0.000000 0.000000 0.000000 0.000000 0.000000
0.000000 0.000000 0.000000 0.000000 0.000000 0.000000
0.000000 0.000000 0.000000 0.000000 0.000000 0.000000
0.000000 0.000000 0.000000 0.000000 0.000000 0.000000
0.000000 0.000000 0.000000 0.000000 0.000000 0.000000
0.008801 0.070464 0.078708 1.000000 0.000000 0.000000
0.005419 0.064894 0.079205 1.000000 0.000000 0.000000
0.002269 0.070608 0.078859 1.000000 0.000000 0.000000
0.005652 0.076178 0.078361 1.000000 0.000000 0.000000
-0.000880 0.076322 0.078512 1.000000 0.000000 0.000000
-0.004029 0.082035 0.078166 1.000000 0.000000 0.000000
0.000000 0.000000 0.000000 0.000000 0.000000 0.000000
0.002502 0.081891 0.078015 1.000000 0.000000 0.000000
0.009034 0.081747 0.077864 1.000000 0.000000 0.000000
0.015563 0.081602 0.077713 1.000000 0.000000 0.000000
0.000000 0.000000 0.000000 0.000000 0.000000 0.000000
0.012184 0.076033 0.078210 1.000000 0.000000 0.000000
0.017749 0.061628 0.078593 1.000000 0.000000 0.000000
0.011239 0.061788 0.079145 1.000000 0.000000 0.000000
0.014610 0.067360 0.078628 1.000000 0.000000 0.000000
0.021120 0.067200 0.078076 1.000000 0.000000 0.000000
0.017982 0.072933 0.078111 1.000000 0.000000 0.000000
0.021353 0.078505 0.077593 1.000000 0.000000 0.000000
0.000000 0.000000 0.000000 0.000000 0.000000 0.000000
0.024491 0.072772 0.077558 1.000000 0.000000 0.000000
0.027630 0.067041 0.077523 1.000000 0.000000 0.000000
0.030765 0.061310 0.077488 1.000000 0.000000 0.000000
0.000000 0.000000 0.000000 0.000000 0.000000 0.000000
0.024258 0.061468 0.078041 1.000000 0.000000 0.000000
-0.009456 0.042963 0.078538 1.000000 0.000000 0.000000
-0.012818 0.037372 0.078159 1.000000 0.000000 0.000000
-0.015978 0.043090 0.078161 1.000000 0.000000 0.000000
-0.012616 0.048681 0.078540 1.000000 0.000000 0.000000
-0.019139 0.048808 0.078163 1.000000 0.000000 0.000000
-0.022299 0.054526 0.078165 1.000000 0.000000 0.000000
0.000000 0.000000 0.000000 0.000000 0.000000 0.000000
-0.015776 0.054398 0.078542 1.000000 0.000000 0.000000
-0.009254 0.054272 0.078919 1.000000 0.000000 0.000000
-0.002733 0.054142 0.079296 1.000000 0.000000 0.000000
0.000000 0.000000 0.000000 0.000000 0.000000 0.000000
-0.006093 0.048553 0.078917 1.000000 0.000000 0.000000
-0.005659 0.067817 0.078907 1.000000 0.000000 0.000000
-0.002520 0.062097 0.079280 1.000000 0.000000 0.000000
-0.009043 0.062227 0.078931 1.000000 0.000000 0.000000
-0.012182 0.067946 0.078558 1.000000 0.000000 0.000000
-0.015566 0.062356 0.078583 1.000000 0.000000 0.000000
-0.022089 0.062485 0.078234 1.000000 0.000000 0.000000
0.000000 0.000000 0.000000 0.000000 0.000000 0.000000
-0.018704 0.068076 0.078210 1.000000 0.000000 0.000000
-0.015321 0.073666 0.078185 1.000000 0.000000 0.000000
-0.011936 0.079254 0.078161 1.000000 0.000000 0.000000
0.000000 0.000000 0.000000 0.000000 0.000000 0.000000
-0.008797 0.073537 0.078534 1.000000 0.000000 0.000000
-0.025082 0.083346 0.076207 1.000000 0.000000 0.000000
-0.018663 0.083247 0.077426 1.000000 0.000000 0.000000
-0.022036 0.077656 0.077229 1.000000 0.000000 0.000000
-0.028456 0.077755 0.076010 1.000000 0.000000 0.000000
-0.025410 0.072064 0.077033 1.000000 0.000000 0.000000
-0.028784 0.066472 0.076837 1.000000 0.000000 0.000000
0.000000 0.000000 0.000000 0.000000 0.000000 0.000000
-0.031829 0.072163 0.075814 1.000000 0.000000 0.000000
-0.034876 0.077853 0.074792 1.000000 0.000000 0.000000
-0.037919 0.083543 0.073770 1.000000 0.000000 0.000000
0.000000 0.000000 0.000000 0.000000 0.000000 0.000000
-0.031502 0.083445 0.074988 1.000000 0.000000 0.000000
-0.047421 0.074333 0.069936 1.000000 0.000000 0.000000
-0.044337 0.079970 0.071129 1.000000 0.000000 0.000000
-0.041464 0.074295 0.072622 1.000000 0.000000 0.000000
-0.044549 0.068659 0.071429 1.000000 0.000000 0.000000
-0.038592 0.068620 0.074116 1.000000 0.000000 0.000000
-0.035719 0.062945 0.075609 1.000000 0.000000 0.000000
0.000000 0.000000 0.000000 0.000000 0.000000 0.000000
-0.041677 0.062984 0.072922 1.000000 0.000000 0.000000
-0.047633 0.063022 0.070235 1.000000 0.000000 0.000000
-0.053588 0.063062 0.067550 1.000000 0.000000 0.000000
0.000000 0.000000 0.000000 0.000000 0.000000 0.000000
-0.050506 0.068697 0.068742 1.000000 0.000000 0.000000
-0.041940 0.043289 0.072041 1.000000 0.000000 0.000000
-0.044760 0.037655 0.070303 1.000000 0.000000 0.000000
-0.047816 0.043319 0.069183 1.000000 0.000000 0.000000
-0.044997 0.048953 0.070921 1.000000 0.000000 0.000000
-0.050873 0.048984 0.068062 1.000000 0.000000 0.000000
-0.053930 0.054648 0.066942 1.000000 0.000000 0.000000
0.000000 0.000000 0.000000 0.000000 0.000000 0.000000
-0.048053 0.054617 0.069801 1.000000 0.000000 0.000000
-0.042177 0.054586 0.072660 1.000000 0.000000 0.000000
-0.036303 0.054553 0.075517 1.000000 0.000000 0.000000
0.000000 0.000000 0.000000 0.000000 0.000000 0.000000
-0.039120 0.048921 0.073780 1.000000 0.000000 0.000000
-0.032359 0.033900 0.074610 1.000000 0.000000 0.000000
-0.038746 0.033993 0.073227 1.000000 0.000000 0.000000
-0.035570 0.039586 0.074371 1.000000 0.000000 0.000000
-0.029183 0.039494 0.075754 1.000000 0.000000 0.000000
-0.032394 0.045181 0.075516 1.000000 0.000000 0.000000
-0.029219 0.050774 0.076660 1.000000 0.000000 0.000000
0.000000 0.000000 0.000000 0.000000 0.000000 0.000000
-0.026008 0.045087 0.076898 1.000000 0.000000 0.000000
-0.022797 0.039401 0.077136 1.000000 0.000000 0.000000
-0.019589 0.033715 0.077374 1.000000 0.000000 0.000000
0.000000 0.000000 0.000000 0.000000 0.000000 0.000000
-0.025973 0.033806 0.075992 1.000000 0.000000 0.000000
0.000000 0.000000 0.000000 0.000000 0.000000 0.000000
0.000000 0.000000 0.000000 0.000000 0.000000 0.000000
0.000000 0.000000 0.000000 0.000000 0.000000 0.000000
0.000000 0.000000 0.000000 0.000000 0.000000 0.000000
0.000000 0.000000 0.000000 0.000000 0.000000 0.000000
0.000000 0.000000 0.000000 0.000000 0.000000 0.000000
0.000000 0.000000 0.000000 0.000000 0.000000 0.000000
0.000000 0.000000 0.000000 0.000000 0.000000 0.000000
0.000000 0.000000 0.000000 0.000000 0.000000 0.000000
0.000000 0.000000 0.000000 0.000000 0.000000 0.000000
0.000000 0.000000 0.000000 0.000000 0.000000 0.000000
0.000000 0.000000 0.000000 0.000000 0.000000 0.000000
0.000000 0.000000 0.000000 0.000000 0.000000 0.000000
0.000000 0.000000 0.000000 0.000000 0.000000 0.000000
0.000000 0.000000 0.000000 0.000000 0.000000 0.000000
0.000000 0.000000 0.000000 0.000000 0.000000 0.000000
0.000000 0.000000 0.000000 0.000000 0.000000 0.000000
0.000000 0.000000 0.000000 0.000000 0.000000 0.000000
0.000000 0.000000 0.000000 0.000000 0.000000 0.000000
0.000000 0.000000 0.000000 0.000000 0.000000 0.000000
0.000000 0.000000 0.000000 0.000000 0.000000 0.000000
0.000000 0.000000 0.000000 0.000000 0.000000 0.000000
0.000000 0.000000 0.000000 0.000000 0.000000 0.000000
0.000000 0.000000 0.000000 0.000000 0.000000 0.000000
0.069641 0.038368 0.054136 1.000000 0.000000 0.000000
0.071049 0.032619 0.051366 1.000000 0.000000 0.000000
0.066972 0.032876 0.056464 1.000000 0.000000 0.000000
0.065564 0.038625 0.059234 1.000000 0.000000 0.000000
0.062894 0.033133 0.061563 1.000000 0.000000 0.000000
0.058817 0.033391 0.066661 1.000000 0.000000 0.000000
0.000000 0.000000 0.000000 0.000000 0.000000 0.000000
0.061487 0.038882 0.064332 1.000000 0.000000 0.000000
0.064155 0.044374 0.062004 1.000000 0.000000 0.000000
0.066824 0.049863 0.059676 1.000000 0.000000 0.000000
0.000000 0.000000 0.000000 0.000000 0.000000 0.000000
0.068233 0.044117 0.056906 1.000000 0.000000 0.000000
0.056210 0.052354 0.069276 1.000000 0.000000 0.000000
0.061914 0.052124 0.066093 1.000000 0.000000 0.000000
0.058682 0.046600 0.067406 1.000000 0.000000 0.000000
0.052979 0.046830 0.070589 1.000000 0.000000 0.000000
0.055450 0.041076 0.068720 1.000000 0.000000 0.000000
0.052218 0.035552 0.070033 1.000000 0.000000 0.000000
0.000000 0.000000 0.000000 0.000000 0.000000 0.000000
0.049747 0.041306 0.071902 1.000000 0.000000 0.000000
0.047276 0.047059 0.073772 1.000000 0.000000 0.000000
0.044807 0.052812 0.075640 1.000000 0.000000 0.000000
0.000000 0.000000 0.000000 0.000000 0.000000 0.000000
0.050508 0.052584 0.072458 1.000000 0.000000 0.000000
0.059178 0.066227 0.067558 1.000000 0.000000 0.000000
0.062013 0.060463 0.066354 1.000000 0.000000 0.000000
0.056230 0.060688 0.069385 1.000000 0.000000 0.000000
0.053395 0.066452 0.070589 1.000000 0.000000 0.000000
0.050446 0.060914 0.072416 1.000000 0.000000 0.000000
0.044663 0.061139 0.075447 1.000000 0.000000 0.000000
0.000000 0.000000 0.000000 0.000000 0.000000 0.000000
0.047612 0.066677 0.073619 1.000000 0.000000 0.000000
0.050559 0.072216 0.071792 1.000000 0.000000 0.000000
0.053508 0.077751 0.069965 1.000000 0.000000 0.000000
0.000000 0.000000 0.000000 0.000000 0.000000 0.000000
0.056344 0.071990 0.068761 1.000000 0.000000 0.000000
-0.020382 -0.009260 0.072094 1.000000 0.000000 0.000000
-0.023622 -0.003586 0.072228 1.000000 0.000000 0.000000
-0.017174 -0.003691 0.073272 1.000000 0.000000 0.000000
-0.013934 -0.009365 0.073139 1.000000 0.000000 0.000000
-0.010724 -0.003795 0.074317 1.000000 0.000000 0.000000
-0.004276 -0.003900 0.075362 1.000000 0.000000 0.000000
0.000000 0.000000 0.000000 0.000000 0.000000 0.000000
-0.007486 -0.009469 0.074183 1.000000 0.000000 0.000000
-0.010694 -0.015039 0.073005 1.000000 0.000000 0.000000
-0.013904 -0.020606 0.071827 1.000000 0.000000 0.000000
0.000000 0.000000 0.000000 0.000000 0.000000 0.000000
-0.017143 -0.014934 0.071960 1.000000 0.000000 0.000000
-0.000065 -0.025625 0.072793 1.000000 0.000000 0.000000
-0.006595 -0.025482 0.073003 1.000000 0.000000 0.000000
-0.003189 -0.019930 0.073508 1.000000 0.000000 0.000000
0.003342 -0.020073 0.073298 1.000000 0.000000 0.000000
0.000218 -0.014377 0.074013 1.000000 0.000000 0.000000
0.003625 -0.008826 0.074518 1.000000 0.000000 0.000000
0.000000 0.000000 0.000000 0.000000 0.000000 0.000000
0.006748 -0.014522 0.073803 1.000000 0.000000 0.000000
0.009872 -0.020217 0.073088 1.000000 0.000000 0.000000
0.012992 -0.025911 0.072373 1.000000 0.000000 0.000000
0.000000 0.000000 0.000000 0.000000 0.000000 0.000000
0.006465 -0.025769 0.072583 1.000000 0.000000 0.000000
0.012742 -0.009580 0.073960 1.000000 0.000000 0.000000
0.009893 -0.003886 0.075433 1.000000 0.000000 0.000000
0.016259 -0.004072 0.073975 1.000000 0.000000 0.000000
0.019108 -0.009765 0.072501 1.000000 0.000000 0.000000
0.022625 -0.004258 0.072516 1.000000 0.000000 0.000000
0.028991 -0.004443 0.071058 1.000000 0.000000 0.000000
0.000000 0.000000 0.000000 0.000000 0.000000 0.000000
0.025473 -0.009951 0.071043 1.000000 0.000000 0.000000
0.021957 -0.015459 0.071028 1.000000 0.000000 0.000000
0.018440 -0.020964 0.071013 1.000000 0.000000 0.000000
0.000000 0.000000 0.000000 0.000000 0.000000 0.000000
0.015591 -0.015273 0.072486 1.000000 0.000000 0.000000
-0.015516 0.014842 0.075694 1.000000 0.000000 0.000000
-0.012127 0.020345 0.076664 1.000000 0.000000 0.000000
-0.009025 0.014601 0.076412 1.000000 0.000000 0.000000
-0.012414 0.009098 0.075442 1.000000 0.000000 0.000000
-0.005923 0.008856 0.076160 1.000000 0.000000 0.000000
-0.002821 0.003112 0.075907 1.000000 0.000000 0.000000
0.000000 0.000000 0.000000 0.000000 0.000000 0.000000
-0.009312 0.003354 0.075189 1.000000 0.000000 0.000000
-0.015803 0.003595 0.074471 1.000000 0.000000 0.000000
-0.022291 0.003838 0.073754 1.000000 0.000000 0.000000
0.000000 0.000000 0.000000 0.000000 0.000000 0.000000
-0.018905 0.009340 0.074724 1.000000 0.000000 0.000000
-0.026703 0.025656 0.074992 1.000000 0.000000 0.000000
-0.020393 0.025575 0.076692 1.000000 0.000000 0.000000
-0.023421 0.020006 0.075112 1.000000 0.000000 0.000000
-0.029731 0.020087 0.073412 1.000000 0.000000 0.000000
-0.026450 0.014436 0.073531 1.000000 0.000000 0.000000
-0.029478 0.008867 0.071951 1.000000 0.000000 0.000000
0.000000 0.000000 0.000000 0.000000 0.000000 0.000000
-0.032759 0.014518 0.071832 1.000000 0.000000 0.000000
-0.036041 0.020168 0.071712 1.000000 0.000000 0.000000
-0.039320 0.025817 0.071593 1.000000 0.000000 0.000000
0.000000 0.000000 0.000000 0.000000 0.000000 0.000000
-0.033012 0.025737 0.073292 1.000000 0.000000 0.000000
0.000000 0.000000 0.000000 0.000000 0.000000 0.000000
0.000000 0.000000 0.000000 0.000000 0.000000 0.000000
0.000000 0.000000 0.000000 0.000000 0.000000 0.000000
0.000000 0.000000 0.000000 0.000000 0.000000 0.000000
0.000000 0.000000 0.000000 0.000000 0.000000 0.000000
0.000000 0.000000 0.000000 0.000000 0.000000 0.000000
0.000000 0.000000 0.000000 0.000000 0.000000 0.000000
0.000000 0.000000 0.000000 0.000000 0.000000 0.000000
0.000000 0.000000 0.000000 0.000000 0.000000 0.000000
0.000000 0.000000 0.000000 0.000000 0.000000 0.000000
0.000000 0.000000 0.000000 0.000000 0.000000 0.000000
0.000000 0.000000 0.000000 0.000000 0.000000 0.000000
-0.002215 0.018505 0.077121 1.000000 0.000000 0.000000
-0.005341 0.024217 0.077677 1.000000 0.000000 0.000000
0.001189 0.024069 0.077527 1.000000 0.000000 0.000000
0.004314 0.018356 0.076972 1.000000 0.000000 0.000000
0.007719 0.023920 0.077377 1.000000 0.000000 0.000000
0.014249 0.023771 0.077228 1.000000 0.000000 0.000000
0.000000 0.000000 0.000000 0.000000 0.000000 0.000000
0.010844 0.018208 0.076822 1.000000 0.000000 0.000000
0.007440 0.012644 0.076417 1.000000 0.000000 0.000000
0.004036 0.007084 0.076012 1.000000 0.000000 0.000000
0.000000 0.000000 0.000000 0.000000 0.000000 0.000000
0.000910 0.012793 0.076566 1.000000 0.000000 0.000000
0.017157 0.002779 0.074508 1.000000 0.000000 0.000000
0.010696 0.002825 0.075491 1.000000 0.000000 0.000000
0.014070 0.008416 0.075689 1.000000 0.000000 0.000000
0.020530 0.008370 0.074706 1.000000 0.000000 0.000000
0.017444 0.014008 0.075886 1.000000 0.000000 0.000000
0.020818 0.019599 0.076084 1.000000 0.000000 0.000000
0.000000 0.000000 0.000000 0.000000 0.000000 0.000000
0.023904 0.013961 0.074903 1.000000 0.000000 0.000000
0.026991 0.008323 0.073723 1.000000 0.000000 0.000000
0.030075 0.002687 0.072543 1.000000 0.000000 0.000000
0.000000 0.000000 0.000000 0.000000 0.000000 0.000000
0.023617 0.002731 0.073525 1.000000 0.000000 0.000000
0.038966 0.012962 0.071032 1.000000 0.000000 0.000000
0.035401 0.007485 0.071132 1.000000 0.000000 0.000000
0.032722 0.013159 0.072952 1.000000 0.000000 0.000000
0.036287 0.018635 0.072853 1.000000 0.000000 0.000000
0.030043 0.018833 0.074773 1.000000 0.000000 0.000000
0.027364 0.024507 0.076593 1.000000 0.000000 0.000000
0.000000 0.000000 0.000000 0.000000 0.000000 0.000000
0.033608 0.024309 0.074673 1.000000 0.000000 0.000000
0.039851 0.024112 0.072753 1.000000 0.000000 0.000000
0.046092 0.023913 0.070834 1.000000 0.000000 0.000000
0.000000 0.000000 0.000000 0.000000 0.000000 0.000000
0.042530 0.018438 0.070933 1.000000 0.000000 0.000000
0.033910 0.043731 0.076608 1.000000 0.000000 0.000000
0.037370 0.049269 0.076348 1.000000 0.000000 0.000000
0.040268 0.043546 0.075113 1.000000 0.000000 0.000000
0.036808 0.038008 0.075373 1.000000 0.000000 0.000000
0.043167 0.037821 0.073877 1.000000 0.000000 0.000000
0.046065 0.032098 0.072642 1.000000 0.000000 0.000000
0.000000 0.000000 0.000000 0.000000 0.000000 0.000000
0.039706 0.032285 0.074138 1.000000 0.000000 0.000000
0.033348 0.032470 0.075633 1.000000 0.000000 0.000000
0.026991 0.032658 0.077129 1.000000 0.000000 0.000000
0.000000 0.000000 0.000000 0.000000 0.000000 0.000000
0.030449 0.038194 0.076869 1.000000 0.000000 0.000000
0.025051 0.052508 0.077958 1.000000 0.000000 0.000000
0.031564 0.052372 0.077432 1.000000 0.000000 0.000000
0.028177 0.046786 0.077513 1.000000 0.000000 0.000000
0.021664 0.046922 0.078039 1.000000 0.000000 0.000000
0.024789 0.041200 0.077594 1.000000 0.000000 0.000000
0.021402 0.035614 0.077676 1.000000 0.000000 0.000000
0.000000 0.000000 0.000000 0.000000 0.000000 0.000000
0.018277 0.041336 0.078121 1.000000 0.000000 0.000000
0.015151 0.047058 0.078566 1.000000 0.000000 0.000000
0.012029 0.052779 0.079010 1.000000 0.000000 0.000000
0.000000 0.000000 0.000000 0.000000 0.000000 0.000000
0.018539 0.052645 0.078484 1.000000 0.000000 0.000000
0.047148 0.004032 0.065394 1.000000 0.000000 0.000000
0.041595 0.004267 0.068832 1.000000 0.000000 0.000000
0.045184 0.009669 0.068053 1.000000 0.000000 0.000000
0.050737 0.009435 0.064615 1.000000 0.000000 0.000000
0.048775 0.015073 0.067274 1.000000 0.000000 0.000000
0.052364 0.020475 0.066495 1.000000 0.000000 0.000000
0.000000 0.000000 0.000000 0.000000 0.000000 0.000000
0.054327 0.014837 0.063836 1.000000 0.000000 0.000000
0.056290 0.009200 0.061177 1.000000 0.000000 0.000000
0.058251 0.003564 0.058520 1.000000 0.000000 0.000000
0.000000 0.000000 0.000000 0.000000 0.000000 0.000000
0.052700 0.003797 0.061956 1.000000 0.000000 0.000000
0.066096 0.012955 0.052915 1.000000 0.000000 0.000000
0.063139 0.007499 0.054965 1.000000 0.000000 0.000000
0.061824 0.013210 0.057853 1.000000 0.000000 0.000000
0.064781 0.018665 0.055803 1.000000 0.000000 0.000000
0.060509 0.018921 0.060743 1.000000 0.000000 0.000000
0.059194 0.024631 0.063631 1.000000 0.000000 0.000000
0.000000 0.000000 0.000000 0.000000 0.000000 0.000000
0.063466 0.024375 0.058692 1.000000 0.000000 0.000000
0.067737 0.024121 0.053753 1.000000 0.000000 0.000000
0.072007 0.023864 0.048816 1.000000 0.000000 0.000000
0.000000 0.000000 0.000000 0.000000 0.000000 0.000000
0.069052 0.018410 0.050864 1.000000 0.000000 0.000000
0.000000 0.000000 0.000000 0.000000 0.000000 0.000000
0.000000 0.000000 0.000000 0.000000 0.000000 0.000000
0.000000 0.000000 0.000000 0.000000 0.000000 0.000000
0.000000 0.000000 0.000000 0.000000 0.000000 0.000000
0.000000 0.000000 0.000000 0.000000 0.000000 0.000000
0.000000 0.000000 0.000000 0.000000 0.000000 0.000000
0.000000 0.000000 0.000000 0.000000 0.000000 0.000000
0.000000 0.000000 0.000000 0.000000 0.000000 0.000000
0.000000 0.000000 0.000000 0.000000 0.000000 0.000000
0.000000 0.000000 0.000000 0.000000 0.000000 0.000000
0.000000 0.000000 0.000000 0.000000 0.000000 0.000000
0.000000 0.000000 0.000000 0.000000 0.000000 0.000000
0.057770 0.133758 0.044320 1.000000 0.000000 0.000000
0.063922 0.132045 0.042931 1.000000 0.000000 0.000000
0.060887 0.129424 0.048089 1.000000 0.000000 0.000000
0.054735 0.131138 0.049478 1.000000 0.000000 0.000000
0.057852 0.126803 0.053247 1.000000 0.000000 0.000000
0.054817 0.124183 0.058405 1.000000 0.000000 0.000000
0.000000 0.000000 0.000000 0.000000 0.000000 0.000000
0.051700 0.128517 0.054636 1.000000 0.000000 0.000000
0.048584 0.132851 0.050867 1.000000 0.000000 0.000000
0.045469 0.137184 0.047097 1.000000 0.000000 0.000000
0.000000 0.000000 0.000000 0.000000 0.000000 0.000000
0.051619 0.135472 0.045708 1.000000 0.000000 0.000000
0.058054 0.139423 0.032852 1.000000 0.000000 0.000000
0.061291 0.136598 0.037777 1.000000 0.000000 0.000000
0.055008 0.138230 0.038509 1.000000 0.000000 0.000000
0.051771 0.141055 0.033585 1.000000 0.000000 0.000000
0.048724 0.139863 0.039242 1.000000 0.000000 0.000000
0.042441 0.141496 0.039974 1.000000 0.000000 0.000000
0.000000 0.000000 0.000000 0.000000 0.000000 0.000000
0.045488 0.142688 0.034317 1.000000 0.000000 0.000000
0.048534 0.143880 0.028660 1.000000 0.000000 0.000000
0.051581 0.145071 0.023006 1.000000 0.000000 0.000000
0.000000 0.000000 0.000000 0.000000 0.000000 0.000000
0.054818 0.142247 0.027928 1.000000 0.000000 0.000000
0.000000 0.000000 0.000000 0.000000 0.000000 0.000000
0.000000 0.000000 0.000000 0.000000 0.000000 0.000000
0.000000 0.000000 0.000000 0.000000 0.000000 0.000000
0.000000 0.000000 0.000000 0.000000 0.000000 0.000000
0.000000 0.000000 0.000000 0.000000 0.000000 0.000000
0.000000 0.000000 0.000000 0.000000 0.000000 0.000000
0.000000 0.000000 0.000000 0.000000 0.000000 0.000000
0.000000 0.000000 0.000000 0.000000 0.000000 0.000000
0.000000 0.000000 0.000000 0.000000 0.000000 0.000000
0.000000 0.000000 0.000000 0.000000 0.000000 0.000000
0.000000 0.000000 0.000000 0.000000 0.000000 0.000000
0.000000 0.000000 0.000000 0.000000 0.000000 0.000000
0.040949 0.081811 0.073849 1.000000 0.000000 0.000000
0.047316 0.081625 0.072389 1.000000 0.000000 0.000000
0.044094 0.076086 0.073662 1.000000 0.000000 0.000000
0.037726 0.076273 0.075121 1.000000 0.000000 0.000000
0.040871 0.070547 0.074935 1.000000 0.000000 0.000000
0.037648 0.065008 0.076207 1.000000 0.000000 0.000000
0.000000 0.000000 0.000000 0.000000 0.000000 0.000000
0.034504 0.070734 0.076394 1.000000 0.000000 0.000000
0.031359 0.076459 0.076580 1.000000 0.000000 0.000000
0.028217 0.082184 0.076766 1.000000 0.000000 0.000000
0.000000 0.000000 0.000000 0.000000 0.000000 0.000000
0.034582 0.081999 0.075308 1.000000 0.000000 0.000000
0.000000 0.000000 0.000000 0.000000 0.000000 0.000000
0.000000 0.000000 0.000000 0.000000 0.000000 0.000000
0.000000 0.000000 0.000000 0.000000 0.000000 0.000000
0.000000 0.000000 0.000000 0.000000 0.000000 0.000000
0.000000 0.000000 0.000000 0.000000 0.000000 0.000000
0.000000 0.000000 0.000000 0.000000 0.000000 0.000000
0.000000 0.000000 0.000000 0.000000 0.000000 0.000000
0.000000 0.000000 0.000000 0.000000 0.000000 0.000000
0.000000 0.000000 0.000000 0.000000 0.000000 0.000000
0.000000 0.000000 0.000000 0.000000 0.000000 0.000000
0.000000 0.000000 0.000000 0.000000 0.000000 0.000000
0.000000 0.000000 0.000000 0.000000 0.000000 0.000000
0.000000 0.000000 0.000000 0.000000 0.000000 0.000000
0.000000 0.000000 0.000000 0.000000 0.000000 0.000000
0.000000 0.000000 0.000000 0.000000 0.000000 0.000000
0.000000 0.000000 0.000000 0.000000 0.000000 0.000000
0.000000 0.000000 0.000000 0.000000 0.000000 0.000000
0.000000 0.000000 0.000000 0.000000 0.000000 0.000000
0.000000 0.000000 0.000000 0.000000 0.000000 0.000000
0.000000 0.000000 0.000000 0.000000 0.000000 0.000000
0.000000 0.000000 0.000000 0.000000 0.000000 0.000000
0.000000 0.000000 0.000000 0.000000 0.000000 0.000000
0.000000 0.000000 0.000000 0.000000 0.000000 0.000000
0.000000 0.000000 0.000000 0.000000 0.000000 0.000000
0.000000 0.000000 0.000000 0.000000 0.000000 0.000000
0.000000 0.000000 0.000000 0.000000 0.000000 0.000000
0.000000 0.000000 0.000000 0.000000 0.000000 0.000000
0.000000 0.000000 0.000000 0.000000 0.000000 0.000000
0.000000 0.000000 0.000000 0.000000 0.000000 0.000000
0.000000 0.000000 0.000000 0.000000 0.000000 0.000000
0.000000 0.000000 0.000000 0.000000 0.000000 0.000000
0.000000 0.000000 0.000000 0.000000 0.000000 0.000000
0.000000 0.000000 0.000000 0.000000 0.000000 0.000000
0.000000 0.000000 0.000000 0.000000 0.000000 0.000000
0.000000 0.000000 0.000000 0.000000 0.000000 0.000000
0.000000 0.000000 0.000000 0.000000 0.000000 0.000000
0.003074 0.132467 0.058323 1.000000 0.000000 0.000000
0.006335 0.136622 0.054476 1.000000 0.000000 0.000000
0.009607 0.132367 0.058200 1.000000 0.000000 0.000000
0.006345 0.128211 0.062047 1.000000 0.000000 0.000000
0.012878 0.128110 0.061924 1.000000 0.000000 0.000000
0.016150 0.123854 0.065648 1.000000 0.000000 0.000000
0.000000 0.000000 0.000000 0.000000 0.000000 0.000000
0.009616 0.123955 0.065771 1.000000 0.000000 0.000000
0.003084 0.124055 0.065894 1.000000 0.000000 0.000000
-0.003447 0.124157 0.066016 1.000000 0.000000 0.000000
0.000000 0.000000 0.000000 0.000000 0.000000 0.000000
-0.000188 0.128312 0.062170 1.000000 0.000000 0.000000
-0.000302 0.112007 0.071636 1.000000 0.000000 0.000000
-0.003506 0.117320 0.069584 1.000000 0.000000 0.000000
0.003025 0.117199 0.069473 1.000000 0.000000 0.000000
0.006229 0.111885 0.071525 1.000000 0.000000 0.000000
0.009557 0.117077 0.069362 1.000000 0.000000 0.000000
0.016088 0.116955 0.069252 1.000000 0.000000 0.000000
0.000000 0.000000 0.000000 0.000000 0.000000 0.000000
0.012760 0.111763 0.071415 1.000000 0.000000 0.000000
0.009433 0.106571 0.073578 1.000000 0.000000 0.000000
0.006105 0.101383 0.075739 1.000000 0.000000 0.000000
0.000000 0.000000 0.000000 0.000000 0.000000 0.000000
0.002901 0.106693 0.073688 1.000000 0.000000 0.000000
0.019237 0.096649 0.075256 1.000000 0.000000 0.000000
0.012738 0.096916 0.075890 1.000000 0.000000 0.000000
0.016072 0.102257 0.074146 1.000000 0.000000 0.000000
0.022571 0.101990 0.073511 1.000000 0.000000 0.000000
0.019406 0.107599 0.072401 1.000000 0.000000 0.000000
0.022740 0.112940 0.070657 1.000000 0.000000 0.000000
0.000000 0.000000 0.000000 0.000000 0.000000 0.000000
0.025904 0.107331 0.071767 1.000000 0.000000 0.000000
0.029070 0.101723 0.072877 1.000000 0.000000 0.000000
0.032232 0.096115 0.073987 1.000000 0.000000 0.000000
0.000000 0.000000 0.000000 0.000000 0.000000 0.000000
0.025735 0.096381 0.074622 1.000000 0.000000 0.000000
0.042348 0.104351 0.069653 1.000000 0.000000 0.000000
0.039088 0.099290 0.072197 1.000000 0.000000 0.000000
0.035969 0.104897 0.070965 1.000000 0.000000 0.000000
0.039229 0.109958 0.068421 1.000000 0.000000 0.000000
0.032850 0.110505 0.069732 1.000000 0.000000 0.000000
0.029732 0.116112 0.068500 1.000000 0.000000 0.000000
0.000000 0.000000 0.000000 0.000000 0.000000 0.000000
0.036111 0.115565 0.067189 1.000000 0.000000 0.000000
0.042489 0.115019 0.065878 1.000000 0.000000 0.000000
0.048866 0.114471 0.064568 1.000000 0.000000 0.000000
0.000000 0.000000 0.000000 0.000000 0.000000 0.000000
0.045608 0.109411 0.067110 1.000000 0.000000 0.000000
0.036079 0.131350 0.056343 1.000000 0.000000 0.000000
0.039297 0.135282 0.052232 1.000000 0.000000 0.000000
0.042515 0.130614 0.055479 1.000000 0.000000 0.000000
0.039297 0.126683 0.059590 1.000000 0.000000 0.000000
0.045733 0.125946 0.058727 1.000000 0.000000 0.000000
0.048951 0.121279 0.061974 1.000000 0.000000 0.000000
0.000000 0.000000 0.000000 0.000000 0.000000 0.000000
0.042515 0.122016 0.062837 1.000000 0.000000 0.000000
0.036079 0.122752 0.063701 1.000000 0.000000 0.000000
0.029646 0.123489 0.064563 1.000000 0.000000 0.000000
0.000000 0.000000 0.000000 0.000000 0.000000 0.000000
0.032861 0.127420 0.060454 1.000000 0.000000 0.000000
0.025938 0.136844 0.050749 1.000000 0.000000 0.000000
0.032458 0.136517 0.050440 1.000000 0.000000 0.000000
0.029242 0.133262 0.055103 1.000000 0.000000 0.000000
0.022722 0.133589 0.055412 1.000000 0.000000 0.000000
0.026025 0.130007 0.059767 1.000000 0.000000 0.000000
0.022809 0.126752 0.064430 1.000000 0.000000 0.000000
0.000000 0.000000 0.000000 0.000000 0.000000 0.000000
0.019506 0.130334 0.060075 1.000000 0.000000 0.000000
0.016202 0.133916 0.055720 1.000000 0.000000 0.000000
0.012902 0.137497 0.051366 1.000000 0.000000 0.000000
0.000000 0.000000 0.000000 0.000000 0.000000 0.000000
0.019419 0.137171 0.051056 1.000000 0.000000 0.000000
0.050597 0.093907 0.068895 1.000000 0.000000 0.000000
0.044666 0.094127 0.071631 1.000000 0.000000 0.000000
0.047368 0.099577 0.069250 1.000000 0.000000 0.000000
0.053299 0.099358 0.066514 1.000000 0.000000 0.000000
0.050071 0.105029 0.066869 1.000000 0.000000 0.000000
0.052773 0.110479 0.064488 1.000000 0.000000 0.000000
0.000000 0.000000 0.000000 0.000000 0.000000 0.000000
0.056001 0.104808 0.064133 1.000000 0.000000 0.000000
0.059230 0.099138 0.063779 1.000000 0.000000 0.000000
0.062456 0.093469 0.063425 1.000000 0.000000 0.000000
0.000000 0.000000 0.000000 0.000000 0.000000 0.000000
0.056528 0.093687 0.066160 1.000000 0.000000 0.000000
0.000000 0.000000 0.000000 0.000000 0.000000 0.000000
0.000000 0.000000 0.000000 0.000000 0.000000 0.000000
0.000000 0.000000 0.000000 0.000000 0.000000 0.000000
0.000000 0.000000 0.000000 0.000000 0.000000 0.000000
0.000000 0.000000 0.000000 0.000000 0.000000 0.000000
0.000000 0.000000 0.000000 0.000000 0.000000 0.000000
0.000000 0.000000 0.000000 0.000000 0.000000 0.000000
0.000000 0.000000 0.000000 0.000000 0.000000 0.000000
0.000000 0.000000 0.000000 0.000000 0.000000 0.000000
0.000000 0.000000 0.000000 0.000000 0.000000 0.000000
0.000000 0.000000 0.000000 0.000000 0.000000 0.000000
0.000000 0.000000 0.000000 0.000000 0.000000 0.000000
