name	l_upper_arm
spatial_sampling	taxel
taxel2Repr (  -1  -1  -1  -1  -1  -1  -1  -1  -1  -1  -1  -1  -1  -1  -1  -1  -1  -1  -1  -1  -1  -1  -1  -1  27  27  27  27  27  27  -2  27  27  27  -2  27  39  39  39  39  39  39  -2  39  39  39  -2  39  51  51  51  51  51  51  -2  51  51  51  -2  51  63  63  63  63  63  63  -2  63  63  63  -2  63  75  75  75  75  75  75  -2  75  75  75  -2  75  -1  -1  -1  -1  -1  -1  -1  -1  -1  -1  -1  -1  -1  -1  -1  -1  -1  -1  -1  -1  -1  -1  -1  -1  -1  -1  -1  -1  -1  -1  -1  -1  -1  -1  -1  -1  -1  -1  -1  -1  -1  -1  -1  -1  -1  -1  -1  -1  -1  -1  -1  -1  -1  -1  -1  -1  -1  -1  -1  -1  -1  -1  -1  -1  -1  -1  -1  -1  -1  -1  -1  -1  -1  -1  -1  -1  -1  -1  -1  -1  -1  -1  -1  -1  -1  -1  -1  -1  -1  -1  -1  -1  -1  -1  -1  -1  -1  -1  -1  -1  -1  -1  -1  -1  -1  -1  -1  -1  195  195  195  195  195  195  -2  195  195  195  -2  195  207  207  207  207  207  207  -2  207  207  207  -2  207  -1  -1  -1  -1  -1  -1  -1  -1  -1  -1  -1  -1  -1  -1  -1  -1  -1  -1  -1  -1  -1  -1  -1  -1  -1  -1  -1  -1  -1  -1  -1  -1  -1  -1  -1  -1  -1  -1  -1  -1  -1  -1  -1  -1  -1  -1  -1  -1  267  267  267  267  267  267  -2  267  267  267  -2  267  -1  -1  -1  -1  -1  -1  -1  -1  -1  -1  -1  -1  291  291  291  291  291  291  -2  291  291  291  -2  291  303  303  303  303  303  303  -2  303  303  303  -2  303  315  315  315  315  315  315  -2  315  315  315  -2  315  327  327  327  327  327  327  -2  327  327  327  -2  327  339  339  339  339  339  339  -2  339  339  339  -2  339  351  351  351  351  351  351  -2  351  351  351  -2  351  363  363  363  363  363  363  -2  363  363  363  -2  363  375  375  375  375  375  375  -2  375  375  375  -2  375  387  387  387  387  387  387  -2  387  387  387  -2  387  399  399  399  399  399  399  -2  399  399  399  -2  399  411  411  411  411  411  411  -2  411  411  411  -2  411  423  423  423  423  423  423  -2  423  423  423  -2  423  435  435  435  435  435  435  -2  435  435  435  -2  435  447  447  447  447  447  447  -2  447  447  447  -2  447  459  459  459  459  459  459  -2  459  459  459  -2  459  471  471  471  471  471  471  -2  471  471  471  -2  471  483  483  483  483  483  483  -2  483  483  483  -2  483  -1  -1  -1  -1  -1  -1  -1  -1  -1  -1  -1  -1  -1  -1  -1  -1  -1  -1  -1  -1  -1  -1  -1  -1  -1  -1  -1  -1  -1  -1  -1  -1  -1  -1  -1  -1  531  531  531  531  531  531  -2  531  531  531  -2  531  543  543  543  543  543  543  -2  543  543  543  -2  543  -1  -1  -1  -1  -1  -1  -1  -1  -1  -1  -1  -1  -1  -1  -1  -1  -1  -1  -1  -1  -1  -1  -1  -1  579  579  579  579  579  579  -2  579  579  579  -2  579  -1  -1  -1  -1  -1  -1  -1  -1  -1  -1  -1  -1  -1  -1  -1  -1  -1  -1  -1  -1  -1  -1  -1  -1  -1  -1  -1  -1  -1  -1  -1  -1  -1  -1  -1  -1  -1  -1  -1  -1  -1  -1  -1  -1  -1  -1  -1  -1  639  639  639  639  639  639  -2  639  639  639  -2  639  -1  -1  -1  -1  -1  -1  -1  -1  -1  -1  -1  -1  -1  -1  -1  -1  -1  -1  -1  -1  -1  -1  -1  -1  675  675  675  675  675  675  -2  675  675  675  -2  675  687  687  687  687  687  687  -2  687  687  687  -2  687  699  699  699  699  699  699  -2  699  699  699  -2  699  711  711  711  711  711  711  -2  711  711  711  -2  711  -1  -1  -1  -1  -1  -1  -1  -1  -1  -1  -1  -1  735  735  735  735  735  735  -2  735  735  735  -2  735  -1  -1  -1  -1  -1  -1  -1  -1  -1  -1  -1  -1  759  759  759  759  759  759  -2  759  759  759  -2  759  -1  -1  -1  -1  -1  -1  -1  -1  -1  -1  -1  -1  -1  -1  -1  -1  -1  -1  -1  -1  -1  -1  -1  -1  -1  -1  -1  -1  -1  -1  -1  -1  -1  -1  -1  -1  -1  -1  -1  -1  -1  -1  -1  -1  -1  -1  -1  -1  -1  -1  -1  -1  -1  -1  -1  -1  -1  -1  -1  -1  -1  -1  -1  -1  -1  -1  -1  -1  -1  -1  -1  -1  -1  -1  -1  -1  -1  -1  -1  -1  -1  -1  -1  -1  -1  -1  -1  -1  -1  -1  -1  -1  -1  -1  -1  -1  -1  -1  -1  -1  -1  -1  -1  -1  -1  -1  -1  -1  -1  -1  -1  -1  -1  -1  -1  -1  -1  -1  -1  -1  -1  -1  -1  -1  -1  -1  -1  -1  -1  -1  -1  -1  -1  -1  -1  -1  -1  -1  -1  -1  -1  -1  -1  -1  -1  -1  -1  -1  -1  -1  -1  -1  -1  -1  -1  -1  -1  -1  -1  -1  -1  -1  -1  -1  -1  -1  -1  -1  -1  -1  -1  -1  -1  -1  -1  -1  -1  -1  -1  -1  -1  -1  -1  -1  -1  -1  -1  -1  -1  -1  -1  -1 )
[calibration]
0.000000 0.000000 0.000000 0.000000 0.000000 0.000000
0.000000 0.000000 0.000000 0.000000 0.000000 0.000000
0.000000 0.000000 0.000000 0.000000 0.000000 0.000000
0.000000 0.000000 0.000000 0.000000 0.000000 0.000000
0.000000 0.000000 0.000000 0.000000 0.000000 0.000000
0.000000 0.000000 0.000000 0.000000 0.000000 0.000000
0.000000 0.000000 0.000000 0.000000 0.000000 0.000000
0.000000 0.000000 0.000000 0.000000 0.000000 0.000000
0.000000 0.000000 0.000000 0.000000 0.000000 0.000000
0.000000 0.000000 0.000000 0.000000 0.000000 0.000000
0.000000 0.000000 0.000000 0.000000 0.000000 0.000000
0.000000 0.000000 0.000000 0.000000 0.000000 0.000000
0.000000 0.000000 0.000000 0.000000 0.000000 0.000000
0.000000 0.000000 0.000000 0.000000 0.000000 0.000000
0.000000 0.000000 0.000000 0.000000 0.000000 0.000000
0.000000 0.000000 0.000000 0.000000 0.000000 0.000000
0.000000 0.000000 0.000000 0.000000 0.000000 0.000000
0.000000 0.000000 0.000000 0.000000 0.000000 0.000000
0.000000 0.000000 0.000000 0.000000 0.000000 0.000000
0.000000 0.000000 0.000000 0.000000 0.000000 0.000000
0.000000 0.000000 0.000000 0.000000 0.000000 0.000000
0.000000 0.000000 0.000000 0.000000 0.000000 0.000000
0.000000 0.000000 0.000000 0.000000 0.000000 0.000000
0.000000 0.000000 0.000000 0.000000 0.000000 0.000000
-0.062622 0.006848 -0.004194 1.000000 0.000000 0.000000
-0.062530 0.012454 -0.007551 1.000000 0.000000 0.000000
-0.062554 0.012559 -0.001019 1.000000 0.000000 0.000000
-0.062646 0.006952 0.002338 1.000000 0.000000 0.000000
-0.062577 0.012663 0.005514 1.000000 0.000000 0.000000
-0.062601 0.012767 0.012046 1.000000 0.000000 0.000000
0.000000 0.000000 0.000000 0.000000 0.000000 0.000000
-0.062670 0.007056 0.008870 1.000000 0.000000 0.000000
-0.062739 0.001345 0.005694 1.000000 0.000000 0.000000
-0.062807 -0.004362 0.002518 1.000000 0.000000 0.000000
0.000000 0.000000 0.000000 0.000000 0.000000 0.000000
-0.062715 0.001241 -0.000839 1.000000 0.000000 0.000000
-0.062752 0.003166 0.015865 1.000000 0.000000 0.000000
-0.062684 0.008876 0.019042 1.000000 0.000000 0.000000
-0.062776 0.003271 0.022398 1.000000 0.000000 0.000000
-0.062845 -0.002439 0.019221 1.000000 0.000000 0.000000
-0.062869 -0.002334 0.025755 1.000000 0.000000 0.000000
-0.062961 -0.007938 0.029111 1.000000 0.000000 0.000000
0.000000 0.000000 0.000000 0.000000 0.000000 0.000000
-0.062937 -0.008043 0.022577 1.000000 0.000000 0.000000
-0.062914 -0.008149 0.016043 1.000000 0.000000 0.000000
-0.062890 -0.008252 0.009511 1.000000 0.000000 0.000000
0.000000 0.000000 0.000000 0.000000 0.000000 0.000000
-0.062821 -0.002544 0.012686 1.000000 0.000000 0.000000
-0.062699 0.013195 0.038972 1.000000 0.000000 0.000000
-0.062723 0.013298 0.045507 1.000000 0.000000 0.000000
-0.062792 0.007590 0.042331 1.000000 0.000000 0.000000
-0.062768 0.007486 0.035796 1.000000 0.000000 0.000000
-0.062861 0.001880 0.039154 1.000000 0.000000 0.000000
-0.062930 -0.003828 0.035978 1.000000 0.000000 0.000000
0.000000 0.000000 0.000000 0.000000 0.000000 0.000000
-0.062837 0.001777 0.032620 1.000000 0.000000 0.000000
-0.062744 0.007382 0.029262 1.000000 0.000000 0.000000
-0.062652 0.012987 0.025907 1.000000 0.000000 0.000000
0.000000 0.000000 0.000000 0.000000 0.000000 0.000000
-0.062676 0.013092 0.032439 1.000000 0.000000 0.000000
-0.062874 0.003700 0.049323 1.000000 0.000000 0.000000
-0.062806 0.009410 0.052501 1.000000 0.000000 0.000000
-0.062898 0.003805 0.055857 1.000000 0.000000 0.000000
-0.062967 -0.001905 0.052679 1.000000 0.000000 0.000000
-0.062991 -0.001800 0.059214 1.000000 0.000000 0.000000
-0.063083 -0.007404 0.062570 1.000000 0.000000 0.000000
0.000000 0.000000 0.000000 0.000000 0.000000 0.000000
-0.063059 -0.007509 0.056035 1.000000 0.000000 0.000000
-0.063036 -0.007615 0.049502 1.000000 0.000000 0.000000
-0.063012 -0.007718 0.042970 1.000000 0.000000 0.000000
0.000000 0.000000 0.000000 0.000000 0.000000 0.000000
-0.062943 -0.002010 0.046145 1.000000 0.000000 0.000000
-0.062821 0.013729 0.072431 1.000000 0.000000 0.000000
-0.062845 0.013832 0.078966 1.000000 0.000000 0.000000
-0.062914 0.008124 0.075789 1.000000 0.000000 0.000000
-0.062890 0.008020 0.069255 1.000000 0.000000 0.000000
-0.062983 0.002414 0.072613 1.000000 0.000000 0.000000
-0.063052 -0.003294 0.069437 1.000000 0.000000 0.000000
0.000000 0.000000 0.000000 0.000000 0.000000 0.000000
-0.062959 0.002311 0.066079 1.000000 0.000000 0.000000
-0.062866 0.007916 0.062721 1.000000 0.000000 0.000000
-0.062774 0.013521 0.059366 1.000000 0.000000 0.000000
0.000000 0.000000 0.000000 0.000000 0.000000 0.000000
-0.062798 0.013626 0.065897 1.000000 0.000000 0.000000
0.000000 0.000000 0.000000 0.000000 0.000000 0.000000
0.000000 0.000000 0.000000 0.000000 0.000000 0.000000
0.000000 0.000000 0.000000 0.000000 0.000000 0.000000
0.000000 0.000000 0.000000 0.000000 0.000000 0.000000
0.000000 0.000000 0.000000 0.000000 0.000000 0.000000
0.000000 0.000000 0.000000 0.000000 0.000000 0.000000
0.000000 0.000000 0.000000 0.000000 0.000000 0.000000
0.000000 0.000000 0.000000 0.000000 0.000000 0.000000
0.000000 0.000000 0.000000 0.000000 0.000000 0.000000
0.000000 0.000000 0.000000 0.000000 0.000000 0.000000
0.000000 0.000000 0.000000 0.000000 0.000000 0.000000
0.000000 0.000000 0.000000 0.000000 0.000000 0.000000
0.000000 0.000000 0.000000 0.000000 0.000000 0.000000
0.000000 0.000000 0.000000 0.000000 0.000000 0.000000
0.000000 0.000000 0.000000 0.000000 0.000000 0.000000
0.000000 0.000000 0.000000 0.000000 0.000000 0.000000
0.000000 0.000000 0.000000 0.000000 0.000000 0.000000
0.000000 0.000000 0.000000 0.000000 0.000000 0.000000
0.000000 0.000000 0.000000 0.000000 0.000000 0.000000
0.000000 0.000000 0.000000 0.000000 0.000000 0.000000
0.000000 0.000000 0.000000 0.000000 0.000000 0.000000
0.000000 0.000000 0.000000 0.000000 0.000000 0.000000
0.000000 0.000000 0.000000 0.000000 0.000000 0.000000
0.000000 0.000000 0.000000 0.000000 0.000000 0.000000
0.000000 0.000000 0.000000 0.000000 0.000000 0.000000
0.000000 0.000000 0.000000 0.000000 0.000000 0.000000
0.000000 0.000000 0.000000 0.000000 0.000000 0.000000
0.000000 0.000000 0.000000 0.000000 0.000000 0.000000
0.000000 0.000000 0.000000 0.000000 0.000000 0.000000
0.000000 0.000000 0.000000 0.000000 0.000000 0.000000
0.000000 0.000000 0.000000 0.000000 0.000000 0.000000
0.000000 0.000000 0.000000 0.000000 0.000000 0.000000
0.000000 0.000000 0.000000 0.000000 0.000000 0.000000
0.000000 0.000000 0.000000 0.000000 0.000000 0.000000
0.000000 0.000000 0.000000 0.000000 0.000000 0.000000
0.000000 0.000000 0.000000 0.000000 0.000000 0.000000
0.000000 0.000000 0.000000 0.000000 0.000000 0.000000
0.000000 0.000000 0.000000 0.000000 0.000000 0.000000
0.000000 0.000000 0.000000 0.000000 0.000000 0.000000
0.000000 0.000000 0.000000 0.000000 0.000000 0.000000
0.000000 0.000000 0.000000 0.000000 0.000000 0.000000
0.000000 0.000000 0.000000 0.000000 0.000000 0.000000
0.000000 0.000000 0.000000 0.000000 0.000000 0.000000
0.000000 0.000000 0.000000 0.000000 0.000000 0.000000
0.000000 0.000000 0.000000 0.000000 0.000000 0.000000
0.000000 0.000000 0.000000 0.000000 0.000000 0.000000
0.000000 0.000000 0.000000 0.000000 0.000000 0.000000
0.000000 0.000000 0.000000 0.000000 0.000000 0.000000
0.000000 0.000000 0.000000 0.000000 0.000000 0.000000
0.000000 0.000000 0.000000 0.000000 0.000000 0.000000
0.000000 0.000000 0.000000 0.000000 0.000000 0.000000
0.000000 0.000000 0.000000 0.000000 0.000000 0.000000
0.000000 0.000000 0.000000 0.000000 0.000000 0.000000
0.000000 0.000000 0.000000 0.000000 0.000000 0.000000
0.000000 0.000000 0.000000 0.000000 0.000000 0.000000
0.000000 0.000000 0.000000 0.000000 0.000000 0.000000
0.000000 0.000000 0.000000 0.000000 0.000000 0.000000
0.000000 0.000000 0.000000 0.000000 0.000000 0.000000
0.000000 0.000000 0.000000 0.000000 0.000000 0.000000
0.000000 0.000000 0.000000 0.000000 0.000000 0.000000
0.000000 0.000000 0.000000 0.000000 0.000000 0.000000
0.000000 0.000000 0.000000 0.000000 0.000000 0.000000
0.000000 0.000000 0.000000 0.000000 0.000000 0.000000
0.000000 0.000000 0.000000 0.000000 0.000000 0.000000
0.000000 0.000000 0.000000 0.000000 0.000000 0.000000
0.000000 0.000000 0.000000 0.000000 0.000000 0.000000
0.000000 0.000000 0.000000 0.000000 0.000000 0.000000
0.000000 0.000000 0.000000 0.000000 0.000000 0.000000
0.000000 0.000000 0.000000 0.000000 0.000000 0.000000
0.000000 0.000000 0.000000 0.000000 0.000000 0.000000
0.000000 0.000000 0.000000 0.000000 0.000000 0.000000
0.000000 0.000000 0.000000 0.000000 0.000000 0.000000
0.000000 0.000000 0.000000 0.000000 0.000000 0.000000
0.000000 0.000000 0.000000 0.000000 0.000000 0.000000
0.000000 0.000000 0.000000 0.000000 0.000000 0.000000
0.000000 0.000000 0.000000 0.000000 0.000000 0.000000
0.000000 0.000000 0.000000 0.000000 0.000000 0.000000
0.000000 0.000000 0.000000 0.000000 0.000000 0.000000
0.000000 0.000000 0.000000 0.000000 0.000000 0.000000
0.000000 0.000000 0.000000 0.000000 0.000000 0.000000
0.000000 0.000000 0.000000 0.000000 0.000000 0.000000
0.000000 0.000000 0.000000 0.000000 0.000000 0.000000
0.000000 0.000000 0.000000 0.000000 0.000000 0.000000
0.000000 0.000000 0.000000 0.000000 0.000000 0.000000
0.000000 0.000000 0.000000 0.000000 0.000000 0.000000
0.000000 0.000000 0.000000 0.000000 0.000000 0.000000
0.000000 0.000000 0.000000 0.000000 0.000000 0.000000
0.000000 0.000000 0.000000 0.000000 0.000000 0.000000
0.000000 0.000000 0.000000 0.000000 0.000000 0.000000
0.000000 0.000000 0.000000 0.000000 0.000000 0.000000
0.000000 0.000000 0.000000 0.000000 0.000000 0.000000
0.000000 0.000000 0.000000 0.000000 0.000000 0.000000
0.000000 0.000000 0.000000 0.000000 0.000000 0.000000
0.000000 0.000000 0.000000 0.000000 0.000000 0.000000
0.000000 0.000000 0.000000 0.000000 0.000000 0.000000
0.000000 0.000000 0.000000 0.000000 0.000000 0.000000
0.000000 0.000000 0.000000 0.000000 0.000000 0.000000
0.000000 0.000000 0.000000 0.000000 0.000000 0.000000
0.000000 0.000000 0.000000 0.000000 0.000000 0.000000
0.000000 0.000000 0.000000 0.000000 0.000000 0.000000
0.000000 0.000000 0.000000 0.000000 0.000000 0.000000
0.000000 0.000000 0.000000 0.000000 0.000000 0.000000
0.000000 0.000000 0.000000 0.000000 0.000000 0.000000
0.000000 0.000000 0.000000 0.000000 0.000000 0.000000
0.000000 0.000000 0.000000 0.000000 0.000000 0.000000
0.000000 0.000000 0.000000 0.000000 0.000000 0.000000
0.000000 0.000000 0.000000 0.000000 0.000000 0.000000
0.000000 0.000000 0.000000 0.000000 0.000000 0.000000
-0.018990 -0.036161 -0.010366 1.000000 0.000000 0.000000
-0.024637 -0.036105 -0.013655 1.000000 0.000000 0.000000
-0.024662 -0.036055 -0.007122 1.000000 0.000000 0.000000
-0.019015 -0.036110 -0.003833 1.000000 0.000000 0.000000
-0.024687 -0.036004 -0.000588 1.000000 0.000000 0.000000
-0.024711 -0.035954 0.005944 1.000000 0.000000 0.000000
0.000000 0.000000 0.000000 0.000000 0.000000 0.000000
-0.019039 -0.036060 0.002700 1.000000 0.000000 0.000000
-0.013368 -0.036166 -0.000544 1.000000 0.000000 0.000000
-0.007699 -0.036272 -0.003789 1.000000 0.000000 0.000000
0.000000 0.000000 0.000000 0.000000 0.000000 0.000000
-0.013343 -0.036216 -0.007078 1.000000 0.000000 0.000000
-0.016061 -0.035952 0.008636 1.000000 0.000000 0.000000
-0.021732 -0.035819 0.011882 1.000000 0.000000 0.000000
-0.016087 -0.035848 0.015170 1.000000 0.000000 0.000000
-0.010416 -0.035980 0.011924 1.000000 0.000000 0.000000
-0.010441 -0.035876 0.018458 1.000000 0.000000 0.000000
-0.004796 -0.035904 0.021746 1.000000 0.000000 0.000000
0.000000 0.000000 0.000000 0.000000 0.000000 0.000000
-0.004771 -0.036008 0.015212 1.000000 0.000000 0.000000
-0.004746 -0.036113 0.008678 1.000000 0.000000 0.000000
-0.004723 -0.036217 0.002146 1.000000 0.000000 0.000000
0.000000 0.000000 0.000000 0.000000 0.000000 0.000000
-0.010392 -0.036084 0.005389 1.000000 0.000000 0.000000
0.000000 0.000000 0.000000 0.000000 0.000000 0.000000
0.000000 0.000000 0.000000 0.000000 0.000000 0.000000
0.000000 0.000000 0.000000 0.000000 0.000000 0.000000
0.000000 0.000000 0.000000 0.000000 0.000000 0.000000
0.000000 0.000000 0.000000 0.000000 0.000000 0.000000
0.000000 0.000000 0.000000 0.000000 0.000000 0.000000
0.000000 0.000000 0.000000 0.000000 0.000000 0.000000
0.000000 0.000000 0.000000 0.000000 0.000000 0.000000
0.000000 0.000000 0.000000 0.000000 0.000000 0.000000
0.000000 0.000000 0.000000 0.000000 0.000000 0.000000
0.000000 0.000000 0.000000 0.000000 0.000000 0.000000
0.000000 0.000000 0.000000 0.000000 0.000000 0.000000
0.000000 0.000000 0.000000 0.000000 0.000000 0.000000
0.000000 0.000000 0.000000 0.000000 0.000000 0.000000
0.000000 0.000000 0.000000 0.000000 0.000000 0.000000
0.000000 0.000000 0.000000 0.000000 0.000000 0.000000
0.000000 0.000000 0.000000 0.000000 0.000000 0.000000
0.000000 0.000000 0.000000 0.000000 0.000000 0.000000
0.000000 0.000000 0.000000 0.000000 0.000000 0.000000
0.000000 0.000000 0.000000 0.000000 0.000000 0.000000
0.000000 0.000000 0.000000 0.000000 0.000000 0.000000
0.000000 0.000000 0.000000 0.000000 0.000000 0.000000
0.000000 0.000000 0.000000 0.000000 0.000000 0.000000
0.000000 0.000000 0.000000 0.000000 0.000000 0.000000
0.000000 0.000000 0.000000 0.000000 0.000000 0.000000
0.000000 0.000000 0.000000 0.000000 0.000000 0.000000
0.000000 0.000000 0.000000 0.000000 0.000000 0.000000
0.000000 0.000000 0.000000 0.000000 0.000000 0.000000
0.000000 0.000000 0.000000 0.000000 0.000000 0.000000
0.000000 0.000000 0.000000 0.000000 0.000000 0.000000
0.000000 0.000000 0.000000 0.000000 0.000000 0.000000
0.000000 0.000000 0.000000 0.000000 0.000000 0.000000
0.000000 0.000000 0.000000 0.000000 0.000000 0.000000
0.000000 0.000000 0.000000 0.000000 0.000000 0.000000
0.000000 0.000000 0.000000 0.000000 0.000000 0.000000
0.000000 0.000000 0.000000 0.000000 0.000000 0.000000
0.000000 0.000000 0.000000 0.000000 0.000000 0.000000
0.000000 0.000000 0.000000 0.000000 0.000000 0.000000
0.000000 0.000000 0.000000 0.000000 0.000000 0.000000
0.000000 0.000000 0.000000 0.000000 0.000000 0.000000
0.000000 0.000000 0.000000 0.000000 0.000000 0.000000
0.000000 0.000000 0.000000 0.000000 0.000000 0.000000
0.000000 0.000000 0.000000 0.000000 0.000000 0.000000
0.000000 0.000000 0.000000 0.000000 0.000000 0.000000
0.000000 0.000000 0.000000 0.000000 0.000000 0.000000
0.000000 0.000000 0.000000 0.000000 0.000000 0.000000
0.000000 0.000000 0.000000 0.000000 0.000000 0.000000
0.000000 0.000000 0.000000 0.000000 0.000000 0.000000
-0.052254 -0.025394 0.081768 1.000000 0.000000 0.000000
-0.052173 -0.025095 0.088296 1.000000 0.000000 0.000000
-0.047225 -0.027914 0.085094 1.000000 0.000000 0.000000
-0.047306 -0.028214 0.078566 1.000000 0.000000 0.000000
-0.042277 -0.030734 0.081892 1.000000 0.000000 0.000000
-0.037329 -0.033553 0.078690 1.000000 0.000000 0.000000
0.000000 0.000000 0.000000 0.000000 0.000000 0.000000
-0.042359 -0.031033 0.075364 1.000000 0.000000 0.000000
-0.047388 -0.028513 0.072039 1.000000 0.000000 0.000000
-0.052416 -0.025993 0.068716 1.000000 0.000000 0.000000
0.000000 0.000000 0.000000 0.000000 0.000000 0.000000
-0.052336 -0.025693 0.075241 1.000000 0.000000 0.000000
0.000000 0.000000 0.000000 0.000000 0.000000 0.000000
0.000000 0.000000 0.000000 0.000000 0.000000 0.000000
0.000000 0.000000 0.000000 0.000000 0.000000 0.000000
0.000000 0.000000 0.000000 0.000000 0.000000 0.000000
0.000000 0.000000 0.000000 0.000000 0.000000 0.000000
0.000000 0.000000 0.000000 0.000000 0.000000 0.000000
0.000000 0.000000 0.000000 0.000000 0.000000 0.000000
0.000000 0.000000 0.000000 0.000000 0.000000 0.000000
0.000000 0.000000 0.000000 0.000000 0.000000 0.000000
0.000000 0.000000 0.000000 0.000000 0.000000 0.000000
0.000000 0.000000 0.000000 0.000000 0.000000 0.000000
0.000000 0.000000 0.000000 0.000000 0.000000 0.000000
-0.025931 -0.034909 0.065318 1.000000 0.000000 0.000000
-0.025954 -0.034805 0.071852 1.000000 0.000000 0.000000
-0.020285 -0.034938 0.068608 1.000000 0.000000 0.000000
-0.020262 -0.035042 0.062074 1.000000 0.000000 0.000000
-0.014615 -0.035070 0.065364 1.000000 0.000000 0.000000
-0.008946 -0.035203 0.062119 1.000000 0.000000 0.000000
0.000000 0.000000 0.000000 0.000000 0.000000 0.000000
-0.014593 -0.035174 0.058830 1.000000 0.000000 0.000000
-0.020239 -0.035146 0.055540 1.000000 0.000000 0.000000
-0.025884 -0.035118 0.052252 1.000000 0.000000 0.000000
0.000000 0.000000 0.000000 0.000000 0.000000 0.000000
-0.025909 -0.035014 0.058784 1.000000 0.000000 0.000000
-0.038770 -0.032966 0.068507 1.000000 0.000000 0.000000
-0.033792 -0.035585 0.071835 1.000000 0.000000 0.000000
-0.033768 -0.035690 0.065302 1.000000 0.000000 0.000000
-0.038746 -0.033071 0.061975 1.000000 0.000000 0.000000
-0.033745 -0.035794 0.058769 1.000000 0.000000 0.000000
-0.033721 -0.035898 0.052237 1.000000 0.000000 0.000000
0.000000 0.000000 0.000000 0.000000 0.000000 0.000000
-0.038722 -0.033175 0.055443 1.000000 0.000000 0.000000
-0.043724 -0.030452 0.058648 1.000000 0.000000 0.000000
-0.048723 -0.027730 0.061853 1.000000 0.000000 0.000000
0.000000 0.000000 0.000000 0.000000 0.000000 0.000000
-0.043748 -0.030347 0.065181 1.000000 0.000000 0.000000
-0.042226 -0.031397 0.048468 1.000000 0.000000 0.000000
-0.037225 -0.034120 0.045261 1.000000 0.000000 0.000000
-0.042200 -0.031502 0.041934 1.000000 0.000000 0.000000
-0.047201 -0.028779 0.045141 1.000000 0.000000 0.000000
-0.047177 -0.028883 0.038607 1.000000 0.000000 0.000000
-0.052153 -0.026265 0.035280 1.000000 0.000000 0.000000
0.000000 0.000000 0.000000 0.000000 0.000000 0.000000
-0.052177 -0.026161 0.041815 1.000000 0.000000 0.000000
-0.052202 -0.026056 0.048348 1.000000 0.000000 0.000000
-0.052226 -0.025952 0.054880 1.000000 0.000000 0.000000
0.000000 0.000000 0.000000 0.000000 0.000000 0.000000
-0.047226 -0.028674 0.051676 1.000000 0.000000 0.000000
-0.033404 -0.036445 0.025313 1.000000 0.000000 0.000000
-0.033381 -0.036549 0.018778 1.000000 0.000000 0.000000
-0.038381 -0.033827 0.021984 1.000000 0.000000 0.000000
-0.038404 -0.033723 0.028518 1.000000 0.000000 0.000000
-0.043381 -0.031104 0.025189 1.000000 0.000000 0.000000
-0.048381 -0.028382 0.028395 1.000000 0.000000 0.000000
0.000000 0.000000 0.000000 0.000000 0.000000 0.000000
-0.043403 -0.031000 0.031723 1.000000 0.000000 0.000000
-0.038427 -0.033619 0.035052 1.000000 0.000000 0.000000
-0.033451 -0.036237 0.038378 1.000000 0.000000 0.000000
0.000000 0.000000 0.000000 0.000000 0.000000 0.000000
-0.033427 -0.036341 0.031847 1.000000 0.000000 0.000000
-0.025809 -0.035443 0.031858 1.000000 0.000000 0.000000
-0.025832 -0.035339 0.038393 1.000000 0.000000 0.000000
-0.020163 -0.035472 0.035149 1.000000 0.000000 0.000000
-0.020140 -0.035576 0.028614 1.000000 0.000000 0.000000
-0.014493 -0.035604 0.031904 1.000000 0.000000 0.000000
-0.008824 -0.035737 0.028660 1.000000 0.000000 0.000000
0.000000 0.000000 0.000000 0.000000 0.000000 0.000000
-0.014471 -0.035708 0.025370 1.000000 0.000000 0.000000
-0.020117 -0.035680 0.022080 1.000000 0.000000 0.000000
-0.025762 -0.035652 0.018793 1.000000 0.000000 0.000000
0.000000 0.000000 0.000000 0.000000 0.000000 0.000000
-0.025787 -0.035548 0.025325 1.000000 0.000000 0.000000
-0.016187 -0.035418 0.042094 1.000000 0.000000 0.000000
-0.021857 -0.035285 0.045339 1.000000 0.000000 0.000000
-0.016212 -0.035314 0.048627 1.000000 0.000000 0.000000
-0.010542 -0.035446 0.045381 1.000000 0.000000 0.000000
-0.010566 -0.035342 0.051916 1.000000 0.000000 0.000000
-0.004921 -0.035370 0.055204 1.000000 0.000000 0.000000
0.000000 0.000000 0.000000 0.000000 0.000000 0.000000
-0.004896 -0.035474 0.048669 1.000000 0.000000 0.000000
-0.004871 -0.035579 0.042136 1.000000 0.000000 0.000000
-0.004848 -0.035683 0.035604 1.000000 0.000000 0.000000
0.000000 0.000000 0.000000 0.000000 0.000000 0.000000
-0.010517 -0.035550 0.038847 1.000000 0.000000 0.000000
-0.042104 -0.031931 0.015009 1.000000 0.000000 0.000000
-0.037103 -0.034654 0.011802 1.000000 0.000000 0.000000
-0.042078 -0.032036 0.008475 1.000000 0.000000 0.000000
-0.047079 -0.029313 0.011682 1.000000 0.000000 0.000000
-0.047055 -0.029417 0.005147 1.000000 0.000000 0.000000
-0.052031 -0.026799 0.001821 1.000000 0.000000 0.000000
0.000000 0.000000 0.000000 0.000000 0.000000 0.000000
-0.052055 -0.026695 0.008355 1.000000 0.000000 0.000000
-0.052080 -0.026590 0.014889 1.000000 0.000000 0.000000
-0.052103 -0.026486 0.021420 1.000000 0.000000 0.000000
0.000000 0.000000 0.000000 0.000000 0.000000 0.000000
-0.047104 -0.029208 0.018216 1.000000 0.000000 0.000000
-0.033459 -0.036778 -0.008126 1.000000 0.000000 0.000000
-0.033363 -0.036747 -0.014661 1.000000 0.000000 0.000000
-0.038399 -0.034093 -0.011455 1.000000 0.000000 0.000000
-0.038494 -0.034123 -0.004921 1.000000 0.000000 0.000000
-0.043436 -0.031438 -0.008250 1.000000 0.000000 0.000000
-0.048471 -0.028783 -0.005044 1.000000 0.000000 0.000000
0.000000 0.000000 0.000000 0.000000 0.000000 0.000000
-0.043530 -0.031469 -0.001716 1.000000 0.000000 0.000000
-0.038590 -0.034154 0.001613 1.000000 0.000000 0.000000
-0.033650 -0.036839 0.004939 1.000000 0.000000 0.000000
0.000000 0.000000 0.000000 0.000000 0.000000 0.000000
-0.033553 -0.036809 -0.001592 1.000000 0.000000 0.000000
-0.048658 0.029455 0.084091 1.000000 0.000000 0.000000
-0.054155 0.028109 0.087359 1.000000 0.000000 0.000000
-0.054146 0.028067 0.080827 1.000000 0.000000 0.000000
-0.048650 0.029412 0.077558 1.000000 0.000000 0.000000
-0.054138 0.028025 0.074293 1.000000 0.000000 0.000000
-0.054129 0.027982 0.067760 1.000000 0.000000 0.000000
0.000000 0.000000 0.000000 0.000000 0.000000 0.000000
-0.048641 0.029370 0.071025 1.000000 0.000000 0.000000
-0.043153 0.030758 0.074289 1.000000 0.000000 0.000000
-0.037667 0.032145 0.077554 1.000000 0.000000 0.000000
0.000000 0.000000 0.000000 0.000000 0.000000 0.000000
-0.043161 0.030800 0.080823 1.000000 0.000000 0.000000
-0.044719 0.030170 0.064103 1.000000 0.000000 0.000000
-0.050200 0.028755 0.060837 1.000000 0.000000 0.000000
-0.044696 0.030065 0.057569 1.000000 0.000000 0.000000
-0.039215 0.031480 0.060835 1.000000 0.000000 0.000000
-0.039192 0.031375 0.054300 1.000000 0.000000 0.000000
-0.033689 0.032685 0.051033 1.000000 0.000000 0.000000
0.000000 0.000000 0.000000 0.000000 0.000000 0.000000
-0.033712 0.032790 0.057567 1.000000 0.000000 0.000000
-0.033734 0.032895 0.064101 1.000000 0.000000 0.000000
-0.033759 0.032999 0.070633 1.000000 0.000000 0.000000
0.000000 0.000000 0.000000 0.000000 0.000000 0.000000
-0.039239 0.031584 0.067369 1.000000 0.000000 0.000000
-0.020487 0.036236 0.067361 1.000000 0.000000 0.000000
-0.025992 0.034925 0.070629 1.000000 0.000000 0.000000
-0.025969 0.034821 0.064097 1.000000 0.000000 0.000000
-0.020463 0.036131 0.060829 1.000000 0.000000 0.000000
-0.025945 0.034717 0.057564 1.000000 0.000000 0.000000
-0.025921 0.034612 0.051032 1.000000 0.000000 0.000000
0.000000 0.000000 0.000000 0.000000 0.000000 0.000000
-0.020439 0.036027 0.054297 1.000000 0.000000 0.000000
-0.014958 0.037442 0.057561 1.000000 0.000000 0.000000
-0.009479 0.038856 0.060825 1.000000 0.000000 0.000000
0.000000 0.000000 0.000000 0.000000 0.000000 0.000000
-0.014982 0.037546 0.064094 1.000000 0.000000 0.000000
-0.016629 0.036690 0.047439 1.000000 0.000000 0.000000
-0.022276 0.036718 0.044149 1.000000 0.000000 0.000000
-0.016607 0.036586 0.040905 1.000000 0.000000 0.000000
-0.010960 0.036557 0.044194 1.000000 0.000000 0.000000
-0.010937 0.036453 0.037660 1.000000 0.000000 0.000000
-0.005268 0.036321 0.034416 1.000000 0.000000 0.000000
0.000000 0.000000 0.000000 0.000000 0.000000 0.000000
-0.005291 0.036425 0.040950 1.000000 0.000000 0.000000
-0.005313 0.036529 0.047484 1.000000 0.000000 0.000000
-0.005338 0.036634 0.054016 1.000000 0.000000 0.000000
0.000000 0.000000 0.000000 0.000000 0.000000 0.000000
-0.010983 0.036662 0.050729 1.000000 0.000000 0.000000
-0.025821 0.034183 0.024105 1.000000 0.000000 0.000000
-0.025796 0.034079 0.017571 1.000000 0.000000 0.000000
-0.020317 0.035493 0.020835 1.000000 0.000000 0.000000
-0.020341 0.035597 0.027369 1.000000 0.000000 0.000000
-0.014836 0.036908 0.024100 1.000000 0.000000 0.000000
-0.009357 0.038322 0.027364 1.000000 0.000000 0.000000
0.000000 0.000000 0.000000 0.000000 0.000000 0.000000
-0.014862 0.037011 0.030634 1.000000 0.000000 0.000000
-0.020366 0.035701 0.033904 1.000000 0.000000 0.000000
-0.025869 0.034391 0.037171 1.000000 0.000000 0.000000
0.000000 0.000000 0.000000 0.000000 0.000000 0.000000
-0.025846 0.034287 0.030639 1.000000 0.000000 0.000000
-0.016499 0.036155 0.013908 1.000000 0.000000 0.000000
-0.022146 0.036183 0.010618 1.000000 0.000000 0.000000
-0.016477 0.036050 0.007374 1.000000 0.000000 0.000000
-0.010830 0.036022 0.010664 1.000000 0.000000 0.000000
-0.010807 0.035918 0.004129 1.000000 0.000000 0.000000
-0.005138 0.035785 0.000885 1.000000 0.000000 0.000000
0.000000 0.000000 0.000000 0.000000 0.000000 0.000000
-0.005161 0.035890 0.007419 1.000000 0.000000 0.000000
-0.005184 0.035994 0.013953 1.000000 0.000000 0.000000
-0.005208 0.036098 0.020485 1.000000 0.000000 0.000000
0.000000 0.000000 0.000000 0.000000 0.000000 0.000000
-0.010853 0.036126 0.017198 1.000000 0.000000 0.000000
-0.025694 0.033630 -0.009349 1.000000 0.000000 0.000000
-0.025662 0.033494 -0.015883 1.000000 0.000000 0.000000
-0.020186 0.034922 -0.012619 1.000000 0.000000 0.000000
-0.020218 0.035059 -0.006085 1.000000 0.000000 0.000000
-0.014709 0.036351 -0.009354 1.000000 0.000000 0.000000
-0.009233 0.037780 -0.006090 1.000000 0.000000 0.000000
0.000000 0.000000 0.000000 0.000000 0.000000 0.000000
-0.014743 0.036488 -0.002821 1.000000 0.000000 0.000000
-0.020251 0.035196 0.000449 1.000000 0.000000 0.000000
-0.025759 0.033904 0.003715 1.000000 0.000000 0.000000
0.000000 0.000000 0.000000 0.000000 0.000000 0.000000
-0.025728 0.033767 -0.002816 1.000000 0.000000 0.000000
-0.038933 0.030252 -0.012607 1.000000 0.000000 0.000000
-0.033422 0.031540 -0.015875 1.000000 0.000000 0.000000
-0.033459 0.031695 -0.009344 1.000000 0.000000 0.000000
-0.038970 0.030407 -0.006076 1.000000 0.000000 0.000000
-0.033495 0.031849 -0.002812 1.000000 0.000000 0.000000
-0.033531 0.032004 0.003719 1.000000 0.000000 0.000000
0.000000 0.000000 0.000000 0.000000 0.000000 0.000000
-0.039006 0.030561 0.000455 1.000000 0.000000 0.000000
-0.044481 0.029118 -0.002809 1.000000 0.000000 0.000000
-0.049952 0.027676 -0.006073 1.000000 0.000000 0.000000
0.000000 0.000000 0.000000 0.000000 0.000000 0.000000
-0.044444 0.028964 -0.009341 1.000000 0.000000 0.000000
-0.053888 0.026939 0.007384 1.000000 0.000000 0.000000
-0.053863 0.026835 0.000850 1.000000 0.000000 0.000000
-0.048384 0.028249 0.004114 1.000000 0.000000 0.000000
-0.048409 0.028353 0.010648 1.000000 0.000000 0.000000
-0.042904 0.029664 0.007379 1.000000 0.000000 0.000000
-0.037424 0.031078 0.010643 1.000000 0.000000 0.000000
0.000000 0.000000 0.000000 0.000000 0.000000 0.000000
-0.042929 0.029767 0.013913 1.000000 0.000000 0.000000
-0.048433 0.028457 0.017183 1.000000 0.000000 0.000000
-0.053936 0.027147 0.020449 1.000000 0.000000 0.000000
0.000000 0.000000 0.000000 0.000000 0.000000 0.000000
-0.053913 0.027043 0.013918 1.000000 0.000000 0.000000
0.000000 0.000000 0.000000 0.000000 0.000000 0.000000
0.000000 0.000000 0.000000 0.000000 0.000000 0.000000
0.000000 0.000000 0.000000 0.000000 0.000000 0.000000
0.000000 0.000000 0.000000 0.000000 0.000000 0.000000
0.000000 0.000000 0.000000 0.000000 0.000000 0.000000
0.000000 0.000000 0.000000 0.000000 0.000000 0.000000
0.000000 0.000000 0.000000 0.000000 0.000000 0.000000
0.000000 0.000000 0.000000 0.000000 0.000000 0.000000
0.000000 0.000000 0.000000 0.000000 0.000000 0.000000
0.000000 0.000000 0.000000 0.000000 0.000000 0.000000
0.000000 0.000000 0.000000 0.000000 0.000000 0.000000
0.000000 0.000000 0.000000 0.000000 0.000000 0.000000
0.000000 0.000000 0.000000 0.000000 0.000000 0.000000
0.000000 0.000000 0.000000 0.000000 0.000000 0.000000
0.000000 0.000000 0.000000 0.000000 0.000000 0.000000
0.000000 0.000000 0.000000 0.000000 0.000000 0.000000
0.000000 0.000000 0.000000 0.000000 0.000000 0.000000
0.000000 0.000000 0.000000 0.000000 0.000000 0.000000
0.000000 0.000000 0.000000 0.000000 0.000000 0.000000
0.000000 0.000000 0.000000 0.000000 0.000000 0.000000
0.000000 0.000000 0.000000 0.000000 0.000000 0.000000
0.000000 0.000000 0.000000 0.000000 0.000000 0.000000
0.000000 0.000000 0.000000 0.000000 0.000000 0.000000
0.000000 0.000000 0.000000 0.000000 0.000000 0.000000
0.000000 0.000000 0.000000 0.000000 0.000000 0.000000
0.000000 0.000000 0.000000 0.000000 0.000000 0.000000
0.000000 0.000000 0.000000 0.000000 0.000000 0.000000
0.000000 0.000000 0.000000 0.000000 0.000000 0.000000
0.000000 0.000000 0.000000 0.000000 0.000000 0.000000
0.000000 0.000000 0.000000 0.000000 0.000000 0.000000
0.000000 0.000000 0.000000 0.000000 0.000000 0.000000
0.000000 0.000000 0.000000 0.000000 0.000000 0.000000
0.000000 0.000000 0.000000 0.000000 0.000000 0.000000
0.000000 0.000000 0.000000 0.000000 0.000000 0.000000
0.000000 0.000000 0.000000 0.000000 0.000000 0.000000
0.000000 0.000000 0.000000 0.000000 0.000000 0.000000
-0.054010 0.027473 0.040844 1.000000 0.000000 0.000000
-0.053985 0.027369 0.034309 1.000000 0.000000 0.000000
-0.048506 0.028783 0.037574 1.000000 0.000000 0.000000
-0.048531 0.028887 0.044108 1.000000 0.000000 0.000000
-0.043026 0.030198 0.040838 1.000000 0.000000 0.000000
-0.037546 0.031612 0.044103 1.000000 0.000000 0.000000
0.000000 0.000000 0.000000 0.000000 0.000000 0.000000
-0.043051 0.030301 0.047372 1.000000 0.000000 0.000000
-0.048555 0.028991 0.050642 1.000000 0.000000 0.000000
-0.054058 0.027681 0.053909 1.000000 0.000000 0.000000
0.000000 0.000000 0.000000 0.000000 0.000000 0.000000
-0.054035 0.027577 0.047377 1.000000 0.000000 0.000000
-0.044597 0.029636 0.030643 1.000000 0.000000 0.000000
-0.050078 0.028221 0.027377 1.000000 0.000000 0.000000
-0.044574 0.029531 0.024109 1.000000 0.000000 0.000000
-0.039093 0.030946 0.027375 1.000000 0.000000 0.000000
-0.039070 0.030841 0.020841 1.000000 0.000000 0.000000
-0.033567 0.032151 0.017573 1.000000 0.000000 0.000000
0.000000 0.000000 0.000000 0.000000 0.000000 0.000000
-0.033590 0.032256 0.024107 1.000000 0.000000 0.000000
-0.033612 0.032361 0.030641 1.000000 0.000000 0.000000
-0.033637 0.032465 0.037173 1.000000 0.000000 0.000000
0.000000 0.000000 0.000000 0.000000 0.000000 0.000000
-0.039117 0.031050 0.033909 1.000000 0.000000 0.000000
0.000000 0.000000 0.000000 0.000000 0.000000 0.000000
0.000000 0.000000 0.000000 0.000000 0.000000 0.000000
0.000000 0.000000 0.000000 0.000000 0.000000 0.000000
0.000000 0.000000 0.000000 0.000000 0.000000 0.000000
0.000000 0.000000 0.000000 0.000000 0.000000 0.000000
0.000000 0.000000 0.000000 0.000000 0.000000 0.000000
0.000000 0.000000 0.000000 0.000000 0.000000 0.000000
0.000000 0.000000 0.000000 0.000000 0.000000 0.000000
0.000000 0.000000 0.000000 0.000000 0.000000 0.000000
0.000000 0.000000 0.000000 0.000000 0.000000 0.000000
0.000000 0.000000 0.000000 0.000000 0.000000 0.000000
0.000000 0.000000 0.000000 0.000000 0.000000 0.000000
0.000000 0.000000 0.000000 0.000000 0.000000 0.000000
0.000000 0.000000 0.000000 0.000000 0.000000 0.000000
0.000000 0.000000 0.000000 0.000000 0.000000 0.000000
0.000000 0.000000 0.000000 0.000000 0.000000 0.000000
0.000000 0.000000 0.000000 0.000000 0.000000 0.000000
0.000000 0.000000 0.000000 0.000000 0.000000 0.000000
0.000000 0.000000 0.000000 0.000000 0.000000 0.000000
0.000000 0.000000 0.000000 0.000000 0.000000 0.000000
0.000000 0.000000 0.000000 0.000000 0.000000 0.000000
0.000000 0.000000 0.000000 0.000000 0.000000 0.000000
0.000000 0.000000 0.000000 0.000000 0.000000 0.000000
0.000000 0.000000 0.000000 0.000000 0.000000 0.000000
0.014774 0.031987 0.012482 1.000000 0.000000 0.000000
0.012236 0.033940 0.006786 1.000000 0.000000 0.000000
0.017045 0.029518 0.006874 1.000000 0.000000 0.000000
0.019583 0.027566 0.012570 1.000000 0.000000 0.000000
0.021854 0.025097 0.006962 1.000000 0.000000 0.000000
0.026663 0.020676 0.007050 1.000000 0.000000 0.000000
0.000000 0.000000 0.000000 0.000000 0.000000 0.000000
0.024392 0.023145 0.012658 1.000000 0.000000 0.000000
0.022122 0.025613 0.018267 1.000000 0.000000 0.000000
0.019851 0.028083 0.023872 1.000000 0.000000 0.000000
0.000000 0.000000 0.000000 0.000000 0.000000 0.000000
0.017313 0.030035 0.018179 1.000000 0.000000 0.000000
0.000000 0.000000 0.000000 0.000000 0.000000 0.000000
0.000000 0.000000 0.000000 0.000000 0.000000 0.000000
0.000000 0.000000 0.000000 0.000000 0.000000 0.000000
0.000000 0.000000 0.000000 0.000000 0.000000 0.000000
0.000000 0.000000 0.000000 0.000000 0.000000 0.000000
0.000000 0.000000 0.000000 0.000000 0.000000 0.000000
0.000000 0.000000 0.000000 0.000000 0.000000 0.000000
0.000000 0.000000 0.000000 0.000000 0.000000 0.000000
0.000000 0.000000 0.000000 0.000000 0.000000 0.000000
0.000000 0.000000 0.000000 0.000000 0.000000 0.000000
0.000000 0.000000 0.000000 0.000000 0.000000 0.000000
0.000000 0.000000 0.000000 0.000000 0.000000 0.000000
0.000000 0.000000 0.000000 0.000000 0.000000 0.000000
0.000000 0.000000 0.000000 0.000000 0.000000 0.000000
0.000000 0.000000 0.000000 0.000000 0.000000 0.000000
0.000000 0.000000 0.000000 0.000000 0.000000 0.000000
0.000000 0.000000 0.000000 0.000000 0.000000 0.000000
0.000000 0.000000 0.000000 0.000000 0.000000 0.000000
0.000000 0.000000 0.000000 0.000000 0.000000 0.000000
0.000000 0.000000 0.000000 0.000000 0.000000 0.000000
0.000000 0.000000 0.000000 0.000000 0.000000 0.000000
0.000000 0.000000 0.000000 0.000000 0.000000 0.000000
0.000000 0.000000 0.000000 0.000000 0.000000 0.000000
0.000000 0.000000 0.000000 0.000000 0.000000 0.000000
0.000000 0.000000 0.000000 0.000000 0.000000 0.000000
0.000000 0.000000 0.000000 0.000000 0.000000 0.000000
0.000000 0.000000 0.000000 0.000000 0.000000 0.000000
0.000000 0.000000 0.000000 0.000000 0.000000 0.000000
0.000000 0.000000 0.000000 0.000000 0.000000 0.000000
0.000000 0.000000 0.000000 0.000000 0.000000 0.000000
0.000000 0.000000 0.000000 0.000000 0.000000 0.000000
0.000000 0.000000 0.000000 0.000000 0.000000 0.000000
0.000000 0.000000 0.000000 0.000000 0.000000 0.000000
0.000000 0.000000 0.000000 0.000000 0.000000 0.000000
0.000000 0.000000 0.000000 0.000000 0.000000 0.000000
0.000000 0.000000 0.000000 0.000000 0.000000 0.000000
0.000000 0.000000 0.000000 0.000000 0.000000 0.000000
0.000000 0.000000 0.000000 0.000000 0.000000 0.000000
0.000000 0.000000 0.000000 0.000000 0.000000 0.000000
0.000000 0.000000 0.000000 0.000000 0.000000 0.000000
0.000000 0.000000 0.000000 0.000000 0.000000 0.000000
0.000000 0.000000 0.000000 0.000000 0.000000 0.000000
0.000000 0.000000 0.000000 0.000000 0.000000 0.000000
0.000000 0.000000 0.000000 0.000000 0.000000 0.000000
0.000000 0.000000 0.000000 0.000000 0.000000 0.000000
0.000000 0.000000 0.000000 0.000000 0.000000 0.000000
0.000000 0.000000 0.000000 0.000000 0.000000 0.000000
0.000000 0.000000 0.000000 0.000000 0.000000 0.000000
0.026588 0.012539 -0.022844 1.000000 0.000000 0.000000
0.029420 0.006650 -0.022739 1.000000 0.000000 0.000000
0.029122 0.010228 -0.017282 1.000000 0.000000 0.000000
0.026291 0.016117 -0.017387 1.000000 0.000000 0.000000
0.028825 0.013807 -0.011823 1.000000 0.000000 0.000000
0.028528 0.017386 -0.006366 1.000000 0.000000 0.000000
0.000000 0.000000 0.000000 0.000000 0.000000 0.000000
0.025993 0.019696 -0.011929 1.000000 0.000000 0.000000
0.023459 0.022006 -0.017492 1.000000 0.000000 0.000000
0.020927 0.024314 -0.023054 1.000000 0.000000 0.000000
0.000000 0.000000 0.000000 0.000000 0.000000 0.000000
0.023757 0.018427 -0.022950 1.000000 0.000000 0.000000
0.000000 0.000000 0.000000 0.000000 0.000000 0.000000
0.000000 0.000000 0.000000 0.000000 0.000000 0.000000
0.000000 0.000000 0.000000 0.000000 0.000000 0.000000
0.000000 0.000000 0.000000 0.000000 0.000000 0.000000
0.000000 0.000000 0.000000 0.000000 0.000000 0.000000
0.000000 0.000000 0.000000 0.000000 0.000000 0.000000
0.000000 0.000000 0.000000 0.000000 0.000000 0.000000
0.000000 0.000000 0.000000 0.000000 0.000000 0.000000
0.000000 0.000000 0.000000 0.000000 0.000000 0.000000
0.000000 0.000000 0.000000 0.000000 0.000000 0.000000
0.000000 0.000000 0.000000 0.000000 0.000000 0.000000
0.000000 0.000000 0.000000 0.000000 0.000000 0.000000
0.000000 0.000000 0.000000 0.000000 0.000000 0.000000
0.000000 0.000000 0.000000 0.000000 0.000000 0.000000
0.000000 0.000000 0.000000 0.000000 0.000000 0.000000
0.000000 0.000000 0.000000 0.000000 0.000000 0.000000
0.000000 0.000000 0.000000 0.000000 0.000000 0.000000
0.000000 0.000000 0.000000 0.000000 0.000000 0.000000
0.000000 0.000000 0.000000 0.000000 0.000000 0.000000
0.000000 0.000000 0.000000 0.000000 0.000000 0.000000
0.000000 0.000000 0.000000 0.000000 0.000000 0.000000
0.000000 0.000000 0.000000 0.000000 0.000000 0.000000
0.000000 0.000000 0.000000 0.000000 0.000000 0.000000
0.000000 0.000000 0.000000 0.000000 0.000000 0.000000
0.013493 -0.031919 -0.005685 1.000000 0.000000 0.000000
0.011019 -0.033993 -0.000003 1.000000 0.000000 0.000000
0.016150 -0.029950 -0.000049 1.000000 0.000000 0.000000
0.018625 -0.027876 -0.005731 1.000000 0.000000 0.000000
0.021283 -0.025906 -0.000095 1.000000 0.000000 0.000000
0.026414 -0.021863 -0.000141 1.000000 0.000000 0.000000
0.000000 0.000000 0.000000 0.000000 0.000000 0.000000
0.023756 -0.023833 -0.005777 1.000000 0.000000 0.000000
0.021099 -0.025802 -0.011413 1.000000 0.000000 0.000000
0.018441 -0.027771 -0.017046 1.000000 0.000000 0.000000
0.000000 0.000000 0.000000 0.000000 0.000000 0.000000
0.015967 -0.029845 -0.011367 1.000000 0.000000 0.000000
0.024205 -0.017698 -0.022377 1.000000 0.000000 0.000000
0.021267 -0.023535 -0.022294 1.000000 0.000000 0.000000
0.023864 -0.021107 -0.016813 1.000000 0.000000 0.000000
0.026802 -0.015270 -0.016896 1.000000 0.000000 0.000000
0.026460 -0.018679 -0.011330 1.000000 0.000000 0.000000
0.029056 -0.016251 -0.005849 1.000000 0.000000 0.000000
0.000000 0.000000 0.000000 0.000000 0.000000 0.000000
0.029398 -0.012842 -0.011414 1.000000 0.000000 0.000000
0.029740 -0.009433 -0.016979 1.000000 0.000000 0.000000
0.030080 -0.006027 -0.022543 1.000000 0.000000 0.000000
0.000000 0.000000 0.000000 0.000000 0.000000 0.000000
0.027143 -0.011861 -0.022461 1.000000 0.000000 0.000000
0.031297 0.002803 -0.013041 1.000000 0.000000 0.000000
0.030790 -0.000547 -0.018629 1.000000 0.000000 0.000000
0.031182 -0.003729 -0.012937 1.000000 0.000000 0.000000
0.031690 -0.000379 -0.007349 1.000000 0.000000 0.000000
0.031574 -0.006912 -0.007244 1.000000 0.000000 0.000000
0.031967 -0.010094 -0.001552 1.000000 0.000000 0.000000
0.000000 0.000000 0.000000 0.000000 0.000000 0.000000
0.032082 -0.003561 -0.001657 1.000000 0.000000 0.000000
0.032197 0.002972 -0.001761 1.000000 0.000000 0.000000
0.032312 0.009502 -0.001868 1.000000 0.000000 0.000000
0.000000 0.000000 0.000000 0.000000 0.000000 0.000000
0.031805 0.006154 -0.007454 1.000000 0.000000 0.000000
0.031838 0.007442 0.010765 1.000000 0.000000 0.000000
0.031906 0.010618 0.005053 1.000000 0.000000 0.000000
0.031812 0.004086 0.005157 1.000000 0.000000 0.000000
0.031745 0.000910 0.010868 1.000000 0.000000 0.000000
0.031719 -0.002446 0.005261 1.000000 0.000000 0.000000
0.031626 -0.008978 0.005365 1.000000 0.000000 0.000000
0.000000 0.000000 0.000000 0.000000 0.000000 0.000000
0.031652 -0.005621 0.010972 1.000000 0.000000 0.000000
0.031678 -0.002266 0.016580 1.000000 0.000000 0.000000
0.031704 0.001091 0.022184 1.000000 0.000000 0.000000
0.000000 0.000000 0.000000 0.000000 0.000000 0.000000
0.031771 0.004267 0.016476 1.000000 0.000000 0.000000
0.000000 0.000000 0.000000 0.000000 0.000000 0.000000
0.000000 0.000000 0.000000 0.000000 0.000000 0.000000
0.000000 0.000000 0.000000 0.000000 0.000000 0.000000
0.000000 0.000000 0.000000 0.000000 0.000000 0.000000
0.000000 0.000000 0.000000 0.000000 0.000000 0.000000
0.000000 0.000000 0.000000 0.000000 0.000000 0.000000
0.000000 0.000000 0.000000 0.000000 0.000000 0.000000
0.000000 0.000000 0.000000 0.000000 0.000000 0.000000
0.000000 0.000000 0.000000 0.000000 0.000000 0.000000
0.000000 0.000000 0.000000 0.000000 0.000000 0.000000
0.000000 0.000000 0.000000 0.000000 0.000000 0.000000
0.000000 0.000000 0.000000 0.000000 0.000000 0.000000
0.018664 -0.028899 0.019118 1.000000 0.000000 0.000000
0.021495 -0.027080 0.024721 1.000000 0.000000 0.000000
0.023465 -0.024466 0.019067 1.000000 0.000000 0.000000
0.020635 -0.026285 0.013465 1.000000 0.000000 0.000000
0.025436 -0.021851 0.013413 1.000000 0.000000 0.000000
0.027406 -0.019237 0.007759 1.000000 0.000000 0.000000
0.000000 0.000000 0.000000 0.000000 0.000000 0.000000
0.022605 -0.023671 0.007811 1.000000 0.000000 0.000000
0.017804 -0.028104 0.007862 1.000000 0.000000 0.000000
0.013005 -0.032535 0.007916 1.000000 0.000000 0.000000
0.000000 0.000000 0.000000 0.000000 0.000000 0.000000
0.015833 -0.030718 0.013517 1.000000 0.000000 0.000000
0.000000 0.000000 0.000000 0.000000 0.000000 0.000000
0.000000 0.000000 0.000000 0.000000 0.000000 0.000000
0.000000 0.000000 0.000000 0.000000 0.000000 0.000000
0.000000 0.000000 0.000000 0.000000 0.000000 0.000000
0.000000 0.000000 0.000000 0.000000 0.000000 0.000000
0.000000 0.000000 0.000000 0.000000 0.000000 0.000000
0.000000 0.000000 0.000000 0.000000 0.000000 0.000000
0.000000 0.000000 0.000000 0.000000 0.000000 0.000000
0.000000 0.000000 0.000000 0.000000 0.000000 0.000000
0.000000 0.000000 0.000000 0.000000 0.000000 0.000000
0.000000 0.000000 0.000000 0.000000 0.000000 0.000000
0.000000 0.000000 0.000000 0.000000 0.000000 0.000000
0.014901 0.030368 -0.012308 1.000000 0.000000 0.000000
0.017378 0.028116 -0.017920 1.000000 0.000000 0.000000
0.020018 0.026305 -0.012226 1.000000 0.000000 0.000000
0.017541 0.028557 -0.006613 1.000000 0.000000 0.000000
0.022659 0.024494 -0.006530 1.000000 0.000000 0.000000
0.025299 0.022683 -0.000836 1.000000 0.000000 0.000000
0.000000 0.000000 0.000000 0.000000 0.000000 0.000000
0.020182 0.026746 -0.000919 1.000000 0.000000 0.000000
0.015064 0.030809 -0.001001 1.000000 0.000000 0.000000
0.009949 0.034871 -0.001085 1.000000 0.000000 0.000000
0.000000 0.000000 0.000000 0.000000 0.000000 0.000000
0.012424 0.032621 -0.006696 1.000000 0.000000 0.000000
