name	r_upper_arm
spatial_sampling	taxel
taxel2Repr (  -1  -1  -1  -1  -1  -1  -1  -1  -1  -1  -1  -1  -1  -1  -1  -1  -1  -1  -1  -1  -1  -1  -1  -1  27  27  27  27  27  27  -2  27  27  27  -2  27  39  39  39  39  39  39  -2  39  39  39  -2  39  51  51  51  51  51  51  -2  51  51  51  -2  51  63  63  63  63  63  63  -2  63  63  63  -2  63  75  75  75  75  75  75  -2  75  75  75  -2  75  -1  -1  -1  -1  -1  -1  -1  -1  -1  -1  -1  -1  -1  -1  -1  -1  -1  -1  -1  -1  -1  -1  -1  -1  -1  -1  -1  -1  -1  -1  -1  -1  -1  -1  -1  -1  -1  -1  -1  -1  -1  -1  -1  -1  -1  -1  -1  -1  -1  -1  -1  -1  -1  -1  -1  -1  -1  -1  -1  -1  -1  -1  -1  -1  -1  -1  -1  -1  -1  -1  -1  -1  -1  -1  -1  -1  -1  -1  -1  -1  -1  -1  -1  -1  -1  -1  -1  -1  -1  -1  -1  -1  -1  -1  -1  -1  -1  -1  -1  -1  -1  -1  -1  -1  -1  -1  -1  -1  195  195  195  195  195  195  -2  195  195  195  -2  195  207  207  207  207  207  207  -2  207  207  207  -2  207  219  219  219  219  219  219  -2  219  219  219  -2  219  231  231  231  231  231  231  -2  231  231  231  -2  231  243  243  243  243  243  243  -2  243  243  243  -2  243  255  255  255  255  255  255  -2  255  255  255  -2  255  267  267  267  267  267  267  -2  267  267  267  -2  267  279  279  279  279  279  279  -2  279  279  279  -2  279  291  291  291  291  291  291  -2  291  291  291  -2  291  -1  -1  -1  -1  -1  -1  -1  -1  -1  -1  -1  -1  -1  -1  -1  -1  -1  -1  -1  -1  -1  -1  -1  -1  -1  -1  -1  -1  -1  -1  -1  -1  -1  -1  -1  -1  339  339  339  339  339  339  -2  339  339  339  -2  339  351  351  351  351  351  351  -2  351  351  351  -2  351  -1  -1  -1  -1  -1  -1  -1  -1  -1  -1  -1  -1  -1  -1  -1  -1  -1  -1  -1  -1  -1  -1  -1  -1  387  387  387  387  387  387  -2  387  387  387  -2  387  399  399  399  399  399  399  -2  399  399  399  -2  399  -1  -1  -1  -1  -1  -1  -1  -1  -1  -1  -1  -1  -1  -1  -1  -1  -1  -1  -1  -1  -1  -1  -1  -1  -1  -1  -1  -1  -1  -1  -1  -1  -1  -1  -1  -1  -1  -1  -1  -1  -1  -1  -1  -1  -1  -1  -1  -1  459  459  459  459  459  459  -2  459  459  459  -2  459  -1  -1  -1  -1  -1  -1  -1  -1  -1  -1  -1  -1  483  483  483  483  483  483  -2  483  483  483  -2  483  495  495  495  495  495  495  -2  495  495  495  -2  495  507  507  507  507  507  507  -2  507  507  507  -2  507  519  519  519  519  519  519  -2  519  519  519  -2  519  531  531  531  531  531  531  -2  531  531  531  -2  531  543  543  543  543  543  543  -2  543  543  543  -2  543  555  555  555  555  555  555  -2  555  555  555  -2  555  567  567  567  567  567  567  -2  567  567  567  -2  567  579  579  579  579  579  579  -2  579  579  579  -2  579  -1  -1  -1  -1  -1  -1  -1  -1  -1  -1  -1  -1  -1  -1  -1  -1  -1  -1  -1  -1  -1  -1  -1  -1  -1  -1  -1  -1  -1  -1  -1  -1  -1  -1  -1  -1  -1  -1  -1  -1  -1  -1  -1  -1  -1  -1  -1  -1  639  639  639  639  639  639  -2  639  639  639  -2  639  -1  -1  -1  -1  -1  -1  -1  -1  -1  -1  -1  -1  -1  -1  -1  -1  -1  -1  -1  -1  -1  -1  -1  -1  675  675  675  675  675  675  -2  675  675  675  -2  675  687  687  687  687  687  687  -2  687  687  687  -2  687  699  699  699  699  699  699  -2  699  699  699  -2  699  711  711  711  711  711  711  -2  711  711  711  -2  711  -1  -1  -1  -1  -1  -1  -1  -1  -1  -1  -1  -1  735  735  735  735  735  735  -2  735  735  735  -2  735  -1  -1  -1  -1  -1  -1  -1  -1  -1  -1  -1  -1  759  759  759  759  759  759  -2  759  759  759  -2  759  -1  -1  -1  -1  -1  -1  -1  -1  -1  -1  -1  -1  -1  -1  -1  -1  -1  -1  -1  -1  -1  -1  -1  -1  -1  -1  -1  -1  -1  -1  -1  -1  -1  -1  -1  -1  -1  -1  -1  -1  -1  -1  -1  -1  -1  -1  -1  -1  -1  -1  -1  -1  -1  -1  -1  -1  -1  -1  -1  -1  -1  -1  -1  -1  -1  -1  -1  -1  -1  -1  -1  -1  -1  -1  -1  -1  -1  -1  -1  -1  -1  -1  -1  -1  -1  -1  -1  -1  -1  -1  -1  -1  -1  -1  -1  -1  -1  -1  -1  -1  -1  -1  -1  -1  -1  -1  -1  -1  -1  -1  -1  -1  -1  -1  -1  -1  -1  -1  -1  -1  -1  -1  -1  -1  -1  -1  -1  -1  -1  -1  -1  -1  -1  -1  -1  -1  -1  -1  -1  -1  -1  -1  -1  -1  -1  -1  -1  -1  -1  -1  -1  -1  -1  -1  -1  -1  -1  -1  -1  -1  -1  -1  -1  -1  -1  -1  -1  -1  -1  -1  -1  -1  -1  -1  -1  -1  -1  -1  -1  -1  -1  -1  -1  -1  -1  -1  -1  -1  -1  -1  -1  -1 )
[calibration]
0.000000 0.000000 0.000000 0.000000 0.000000 0.000000
0.000000 0.000000 0.000000 0.000000 0.000000 0.000000
0.000000 0.000000 0.000000 0.000000 0.000000 0.000000
0.000000 0.000000 0.000000 0.000000 0.000000 0.000000
0.000000 0.000000 0.000000 0.000000 0.000000 0.000000
0.000000 0.000000 0.000000 0.000000 0.000000 0.000000
0.000000 0.000000 0.000000 0.000000 0.000000 0.000000
0.000000 0.000000 0.000000 0.000000 0.000000 0.000000
0.000000 0.000000 0.000000 0.000000 0.000000 0.000000
0.000000 0.000000 0.000000 0.000000 0.000000 0.000000
0.000000 0.000000 0.000000 0.000000 0.000000 0.000000
0.000000 0.000000 0.000000 0.000000 0.000000 0.000000
0.000000 0.000000 0.000000 0.000000 0.000000 0.000000
0.000000 0.000000 0.000000 0.000000 0.000000 0.000000
0.000000 0.000000 0.000000 0.000000 0.000000 0.000000
0.000000 0.000000 0.000000 0.000000 0.000000 0.000000
0.000000 0.000000 0.000000 0.000000 0.000000 0.000000
0.000000 0.000000 0.000000 0.000000 0.000000 0.000000
0.000000 0.000000 0.000000 0.000000 0.000000 0.000000
0.000000 0.000000 0.000000 0.000000 0.000000 0.000000
0.000000 0.000000 0.000000 0.000000 0.000000 0.000000
0.000000 0.000000 0.000000 0.000000 0.000000 0.000000
0.000000 0.000000 0.000000 0.000000 0.000000 0.000000
0.000000 0.000000 0.000000 0.000000 0.000000 0.000000
-0.063071 -0.007929 0.076302 1.000000 0.000000 0.000000
-0.063001 -0.013629 0.079498 1.000000 0.000000 0.000000
-0.062983 -0.013548 0.072965 1.000000 0.000000 0.000000
-0.063054 -0.007848 0.069769 1.000000 0.000000 0.000000
-0.062965 -0.013466 0.066432 1.000000 0.000000 0.000000
-0.062948 -0.013384 0.059899 1.000000 0.000000 0.000000
0.000000 0.000000 0.000000 0.000000 0.000000 0.000000
-0.063036 -0.007766 0.063237 1.000000 0.000000 0.000000
-0.063124 -0.002148 0.066573 1.000000 0.000000 0.000000
-0.063213 0.003467 0.069910 1.000000 0.000000 0.000000
0.000000 0.000000 0.000000 0.000000 0.000000 0.000000
-0.063142 -0.002230 0.073107 1.000000 0.000000 0.000000
-0.063074 -0.003678 0.056355 1.000000 0.000000 0.000000
-0.062985 -0.009295 0.053017 1.000000 0.000000 0.000000
-0.063056 -0.003597 0.049821 1.000000 0.000000 0.000000
-0.063144 0.002020 0.053160 1.000000 0.000000 0.000000
-0.063127 0.002101 0.046625 1.000000 0.000000 0.000000
-0.063197 0.007799 0.043429 1.000000 0.000000 0.000000
0.000000 0.000000 0.000000 0.000000 0.000000 0.000000
-0.063215 0.007718 0.049964 1.000000 0.000000 0.000000
-0.063233 0.007637 0.056498 1.000000 0.000000 0.000000
-0.063250 0.007555 0.063030 1.000000 0.000000 0.000000
0.000000 0.000000 0.000000 0.000000 0.000000 0.000000
-0.063162 0.001939 0.059694 1.000000 0.000000 0.000000
-0.062875 -0.013045 0.032972 1.000000 0.000000 0.000000
-0.062857 -0.012962 0.026437 1.000000 0.000000 0.000000
-0.062946 -0.007346 0.029774 1.000000 0.000000 0.000000
-0.062963 -0.007429 0.036309 1.000000 0.000000 0.000000
-0.063034 -0.001730 0.033111 1.000000 0.000000 0.000000
-0.063122 0.003886 0.036448 1.000000 0.000000 0.000000
0.000000 0.000000 0.000000 0.000000 0.000000 0.000000
-0.063052 -0.001813 0.039646 1.000000 0.000000 0.000000
-0.062981 -0.007511 0.042843 1.000000 0.000000 0.000000
-0.062910 -0.013209 0.046038 1.000000 0.000000 0.000000
0.000000 0.000000 0.000000 0.000000 0.000000 0.000000
-0.062892 -0.013128 0.039506 1.000000 0.000000 0.000000
-0.062983 -0.003259 0.022895 1.000000 0.000000 0.000000
-0.062895 -0.008876 0.019556 1.000000 0.000000 0.000000
-0.062965 -0.003178 0.016361 1.000000 0.000000 0.000000
-0.063054 0.002439 0.019699 1.000000 0.000000 0.000000
-0.063036 0.002520 0.013164 1.000000 0.000000 0.000000
-0.063107 0.008218 0.009969 1.000000 0.000000 0.000000
0.000000 0.000000 0.000000 0.000000 0.000000 0.000000
-0.063125 0.008137 0.016503 1.000000 0.000000 0.000000
-0.063142 0.008056 0.023038 1.000000 0.000000 0.000000
-0.063160 0.007974 0.029570 1.000000 0.000000 0.000000
0.000000 0.000000 0.000000 0.000000 0.000000 0.000000
-0.063072 0.002358 0.026234 1.000000 0.000000 0.000000
-0.062784 -0.012626 -0.000489 1.000000 0.000000 0.000000
-0.062767 -0.012543 -0.007023 1.000000 0.000000 0.000000
-0.062855 -0.006927 -0.003686 1.000000 0.000000 0.000000
-0.062873 -0.007010 0.002848 1.000000 0.000000 0.000000
-0.062943 -0.001311 -0.000349 1.000000 0.000000 0.000000
-0.063032 0.004305 0.002988 1.000000 0.000000 0.000000
0.000000 0.000000 0.000000 0.000000 0.000000 0.000000
-0.062961 -0.001394 0.006185 1.000000 0.000000 0.000000
-0.062890 -0.007092 0.009383 1.000000 0.000000 0.000000
-0.062820 -0.012790 0.012578 1.000000 0.000000 0.000000
0.000000 0.000000 0.000000 0.000000 0.000000 0.000000
-0.062802 -0.012709 0.006046 1.000000 0.000000 0.000000
0.000000 0.000000 0.000000 0.000000 0.000000 0.000000
0.000000 0.000000 0.000000 0.000000 0.000000 0.000000
0.000000 0.000000 0.000000 0.000000 0.000000 0.000000
0.000000 0.000000 0.000000 0.000000 0.000000 0.000000
0.000000 0.000000 0.000000 0.000000 0.000000 0.000000
0.000000 0.000000 0.000000 0.000000 0.000000 0.000000
0.000000 0.000000 0.000000 0.000000 0.000000 0.000000
0.000000 0.000000 0.000000 0.000000 0.000000 0.000000
0.000000 0.000000 0.000000 0.000000 0.000000 0.000000
0.000000 0.000000 0.000000 0.000000 0.000000 0.000000
0.000000 0.000000 0.000000 0.000000 0.000000 0.000000
0.000000 0.000000 0.000000 0.000000 0.000000 0.000000
0.000000 0.000000 0.000000 0.000000 0.000000 0.000000
0.000000 0.000000 0.000000 0.000000 0.000000 0.000000
0.000000 0.000000 0.000000 0.000000 0.000000 0.000000
0.000000 0.000000 0.000000 0.000000 0.000000 0.000000
0.000000 0.000000 0.000000 0.000000 0.000000 0.000000
0.000000 0.000000 0.000000 0.000000 0.000000 0.000000
0.000000 0.000000 0.000000 0.000000 0.000000 0.000000
0.000000 0.000000 0.000000 0.000000 0.000000 0.000000
0.000000 0.000000 0.000000 0.000000 0.000000 0.000000
0.000000 0.000000 0.000000 0.000000 0.000000 0.000000
0.000000 0.000000 0.000000 0.000000 0.000000 0.000000
0.000000 0.000000 0.000000 0.000000 0.000000 0.000000
0.000000 0.000000 0.000000 0.000000 0.000000 0.000000
0.000000 0.000000 0.000000 0.000000 0.000000 0.000000
0.000000 0.000000 0.000000 0.000000 0.000000 0.000000
0.000000 0.000000 0.000000 0.000000 0.000000 0.000000
0.000000 0.000000 0.000000 0.000000 0.000000 0.000000
0.000000 0.000000 0.000000 0.000000 0.000000 0.000000
0.000000 0.000000 0.000000 0.000000 0.000000 0.000000
0.000000 0.000000 0.000000 0.000000 0.000000 0.000000
0.000000 0.000000 0.000000 0.000000 0.000000 0.000000
0.000000 0.000000 0.000000 0.000000 0.000000 0.000000
0.000000 0.000000 0.000000 0.000000 0.000000 0.000000
0.000000 0.000000 0.000000 0.000000 0.000000 0.000000
0.000000 0.000000 0.000000 0.000000 0.000000 0.000000
0.000000 0.000000 0.000000 0.000000 0.000000 0.000000
0.000000 0.000000 0.000000 0.000000 0.000000 0.000000
0.000000 0.000000 0.000000 0.000000 0.000000 0.000000
0.000000 0.000000 0.000000 0.000000 0.000000 0.000000
0.000000 0.000000 0.000000 0.000000 0.000000 0.000000
0.000000 0.000000 0.000000 0.000000 0.000000 0.000000
0.000000 0.000000 0.000000 0.000000 0.000000 0.000000
0.000000 0.000000 0.000000 0.000000 0.000000 0.000000
0.000000 0.000000 0.000000 0.000000 0.000000 0.000000
0.000000 0.000000 0.000000 0.000000 0.000000 0.000000
0.000000 0.000000 0.000000 0.000000 0.000000 0.000000
0.000000 0.000000 0.000000 0.000000 0.000000 0.000000
0.000000 0.000000 0.000000 0.000000 0.000000 0.000000
0.000000 0.000000 0.000000 0.000000 0.000000 0.000000
0.000000 0.000000 0.000000 0.000000 0.000000 0.000000
0.000000 0.000000 0.000000 0.000000 0.000000 0.000000
0.000000 0.000000 0.000000 0.000000 0.000000 0.000000
0.000000 0.000000 0.000000 0.000000 0.000000 0.000000
0.000000 0.000000 0.000000 0.000000 0.000000 0.000000
0.000000 0.000000 0.000000 0.000000 0.000000 0.000000
0.000000 0.000000 0.000000 0.000000 0.000000 0.000000
0.000000 0.000000 0.000000 0.000000 0.000000 0.000000
0.000000 0.000000 0.000000 0.000000 0.000000 0.000000
0.000000 0.000000 0.000000 0.000000 0.000000 0.000000
0.000000 0.000000 0.000000 0.000000 0.000000 0.000000
0.000000 0.000000 0.000000 0.000000 0.000000 0.000000
0.000000 0.000000 0.000000 0.000000 0.000000 0.000000
0.000000 0.000000 0.000000 0.000000 0.000000 0.000000
0.000000 0.000000 0.000000 0.000000 0.000000 0.000000
0.000000 0.000000 0.000000 0.000000 0.000000 0.000000
0.000000 0.000000 0.000000 0.000000 0.000000 0.000000
0.000000 0.000000 0.000000 0.000000 0.000000 0.000000
0.000000 0.000000 0.000000 0.000000 0.000000 0.000000
0.000000 0.000000 0.000000 0.000000 0.000000 0.000000
0.000000 0.000000 0.000000 0.000000 0.000000 0.000000
0.000000 0.000000 0.000000 0.000000 0.000000 0.000000
0.000000 0.000000 0.000000 0.000000 0.000000 0.000000
0.000000 0.000000 0.000000 0.000000 0.000000 0.000000
0.000000 0.000000 0.000000 0.000000 0.000000 0.000000
0.000000 0.000000 0.000000 0.000000 0.000000 0.000000
0.000000 0.000000 0.000000 0.000000 0.000000 0.000000
0.000000 0.000000 0.000000 0.000000 0.000000 0.000000
0.000000 0.000000 0.000000 0.000000 0.000000 0.000000
0.000000 0.000000 0.000000 0.000000 0.000000 0.000000
0.000000 0.000000 0.000000 0.000000 0.000000 0.000000
0.000000 0.000000 0.000000 0.000000 0.000000 0.000000
0.000000 0.000000 0.000000 0.000000 0.000000 0.000000
0.000000 0.000000 0.000000 0.000000 0.000000 0.000000
0.000000 0.000000 0.000000 0.000000 0.000000 0.000000
0.000000 0.000000 0.000000 0.000000 0.000000 0.000000
0.000000 0.000000 0.000000 0.000000 0.000000 0.000000
0.000000 0.000000 0.000000 0.000000 0.000000 0.000000
0.000000 0.000000 0.000000 0.000000 0.000000 0.000000
0.000000 0.000000 0.000000 0.000000 0.000000 0.000000
0.000000 0.000000 0.000000 0.000000 0.000000 0.000000
0.000000 0.000000 0.000000 0.000000 0.000000 0.000000
0.000000 0.000000 0.000000 0.000000 0.000000 0.000000
0.000000 0.000000 0.000000 0.000000 0.000000 0.000000
0.000000 0.000000 0.000000 0.000000 0.000000 0.000000
0.000000 0.000000 0.000000 0.000000 0.000000 0.000000
0.000000 0.000000 0.000000 0.000000 0.000000 0.000000
0.000000 0.000000 0.000000 0.000000 0.000000 0.000000
0.000000 0.000000 0.000000 0.000000 0.000000 0.000000
0.000000 0.000000 0.000000 0.000000 0.000000 0.000000
0.000000 0.000000 0.000000 0.000000 0.000000 0.000000
0.000000 0.000000 0.000000 0.000000 0.000000 0.000000
0.000000 0.000000 0.000000 0.000000 0.000000 0.000000
0.000000 0.000000 0.000000 0.000000 0.000000 0.000000
0.000000 0.000000 0.000000 0.000000 0.000000 0.000000
0.000000 0.000000 0.000000 0.000000 0.000000 0.000000
0.000000 0.000000 0.000000 0.000000 0.000000 0.000000
-0.047368 0.028138 0.085468 1.000000 0.000000 0.000000
-0.052315 0.025330 0.088684 1.000000 0.000000 0.000000
-0.052402 0.025606 0.082158 1.000000 0.000000 0.000000
-0.047455 0.028415 0.078941 1.000000 0.000000 0.000000
-0.052488 0.025883 0.075630 1.000000 0.000000 0.000000
-0.052575 0.026160 0.069104 1.000000 0.000000 0.000000
0.000000 0.000000 0.000000 0.000000 0.000000 0.000000
-0.047541 0.028692 0.072415 1.000000 0.000000 0.000000
-0.042507 0.031223 0.075724 1.000000 0.000000 0.000000
-0.037476 0.033753 0.079035 1.000000 0.000000 0.000000
0.000000 0.000000 0.000000 0.000000 0.000000 0.000000
-0.042421 0.030946 0.082252 1.000000 0.000000 0.000000
-0.043906 0.030503 0.065544 1.000000 0.000000 0.000000
-0.048887 0.027874 0.062230 1.000000 0.000000 0.000000
-0.043890 0.030584 0.059010 1.000000 0.000000 0.000000
-0.038909 0.033213 0.062325 1.000000 0.000000 0.000000
-0.038892 0.033295 0.055790 1.000000 0.000000 0.000000
-0.033895 0.036005 0.052571 1.000000 0.000000 0.000000
0.000000 0.000000 0.000000 0.000000 0.000000 0.000000
-0.033912 0.035924 0.059106 1.000000 0.000000 0.000000
-0.033929 0.035843 0.065640 1.000000 0.000000 0.000000
-0.033947 0.035760 0.072172 1.000000 0.000000 0.000000
0.000000 0.000000 0.000000 0.000000 0.000000 0.000000
-0.038926 0.033132 0.068860 1.000000 0.000000 0.000000
-0.020442 0.035100 0.068932 1.000000 0.000000 0.000000
-0.026110 0.034979 0.072183 1.000000 0.000000 0.000000
-0.026093 0.035061 0.065650 1.000000 0.000000 0.000000
-0.020424 0.035181 0.062400 1.000000 0.000000 0.000000
-0.026075 0.035143 0.059117 1.000000 0.000000 0.000000
-0.026057 0.035225 0.052584 1.000000 0.000000 0.000000
0.000000 0.000000 0.000000 0.000000 0.000000 0.000000
-0.020407 0.035263 0.055867 1.000000 0.000000 0.000000
-0.014756 0.035302 0.059149 1.000000 0.000000 0.000000
-0.009109 0.035340 0.062432 1.000000 0.000000 0.000000
0.000000 0.000000 0.000000 0.000000 0.000000 0.000000
-0.014774 0.035220 0.065683 1.000000 0.000000 0.000000
-0.016386 0.035406 0.048947 1.000000 0.000000 0.000000
-0.022036 0.035368 0.045663 1.000000 0.000000 0.000000
-0.016370 0.035488 0.042413 1.000000 0.000000 0.000000
-0.010720 0.035526 0.045697 1.000000 0.000000 0.000000
-0.010703 0.035608 0.039162 1.000000 0.000000 0.000000
-0.005037 0.035728 0.035912 1.000000 0.000000 0.000000
0.000000 0.000000 0.000000 0.000000 0.000000 0.000000
-0.005054 0.035647 0.042447 1.000000 0.000000 0.000000
-0.005070 0.035565 0.048981 1.000000 0.000000 0.000000
-0.005088 0.035483 0.055513 1.000000 0.000000 0.000000
0.000000 0.000000 0.000000 0.000000 0.000000 0.000000
-0.010737 0.035445 0.052231 1.000000 0.000000 0.000000
-0.025982 0.035562 0.025656 1.000000 0.000000 0.000000
-0.025964 0.035644 0.019121 1.000000 0.000000 0.000000
-0.020316 0.035682 0.022404 1.000000 0.000000 0.000000
-0.020334 0.035600 0.028938 1.000000 0.000000 0.000000
-0.014666 0.035721 0.025687 1.000000 0.000000 0.000000
-0.009018 0.035759 0.028969 1.000000 0.000000 0.000000
0.000000 0.000000 0.000000 0.000000 0.000000 0.000000
-0.014686 0.035639 0.032221 1.000000 0.000000 0.000000
-0.020352 0.035519 0.035473 1.000000 0.000000 0.000000
-0.026018 0.035398 0.038722 1.000000 0.000000 0.000000
0.000000 0.000000 0.000000 0.000000 0.000000 0.000000
-0.026001 0.035480 0.032190 1.000000 0.000000 0.000000
-0.016292 0.035825 0.015487 1.000000 0.000000 0.000000
-0.021942 0.035787 0.012203 1.000000 0.000000 0.000000
-0.016276 0.035907 0.008953 1.000000 0.000000 0.000000
-0.010626 0.035945 0.012237 1.000000 0.000000 0.000000
-0.010609 0.036027 0.005703 1.000000 0.000000 0.000000
-0.004943 0.036147 0.002453 1.000000 0.000000 0.000000
0.000000 0.000000 0.000000 0.000000 0.000000 0.000000
-0.004960 0.036066 0.008987 1.000000 0.000000 0.000000
-0.004976 0.035984 0.015522 1.000000 0.000000 0.000000
-0.004995 0.035902 0.022054 1.000000 0.000000 0.000000
0.000000 0.000000 0.000000 0.000000 0.000000 0.000000
-0.010643 0.035864 0.018772 1.000000 0.000000 0.000000
-0.024882 0.035966 -0.008795 1.000000 0.000000 0.000000
-0.024863 0.035994 -0.015330 1.000000 0.000000 0.000000
-0.019215 0.036059 -0.012047 1.000000 0.000000 0.000000
-0.019234 0.036031 -0.005512 1.000000 0.000000 0.000000
-0.013566 0.036125 -0.008764 1.000000 0.000000 0.000000
-0.007918 0.036191 -0.005481 1.000000 0.000000 0.000000
0.000000 0.000000 0.000000 0.000000 0.000000 0.000000
-0.013586 0.036097 -0.002229 1.000000 0.000000 0.000000
-0.019253 0.036003 0.001023 1.000000 0.000000 0.000000
-0.024919 0.035910 0.004273 1.000000 0.000000 0.000000
0.000000 0.000000 0.000000 0.000000 0.000000 0.000000
-0.024902 0.035938 -0.002260 1.000000 0.000000 0.000000
-0.038631 0.033983 -0.011106 1.000000 0.000000 0.000000
-0.033596 0.036627 -0.014326 1.000000 0.000000 0.000000
-0.033685 0.036680 -0.007794 1.000000 0.000000 0.000000
-0.038720 0.034036 -0.004574 1.000000 0.000000 0.000000
-0.033775 0.036732 -0.001261 1.000000 0.000000 0.000000
-0.033865 0.036785 0.005271 1.000000 0.000000 0.000000
0.000000 0.000000 0.000000 0.000000 0.000000 0.000000
-0.038810 0.034089 0.001958 1.000000 0.000000 0.000000
-0.043756 0.031392 -0.001355 1.000000 0.000000 0.000000
-0.048699 0.028697 -0.004668 1.000000 0.000000 0.000000
0.000000 0.000000 0.000000 0.000000 0.000000 0.000000
-0.043666 0.031339 -0.007888 1.000000 0.000000 0.000000
-0.052270 0.026655 0.008740 1.000000 0.000000 0.000000
-0.052252 0.026738 0.002205 1.000000 0.000000 0.000000
-0.047272 0.029366 0.005518 1.000000 0.000000 0.000000
-0.047291 0.029284 0.012053 1.000000 0.000000 0.000000
-0.042292 0.031995 0.008832 1.000000 0.000000 0.000000
-0.037313 0.034623 0.012145 1.000000 0.000000 0.000000
0.000000 0.000000 0.000000 0.000000 0.000000 0.000000
-0.042311 0.031912 0.015366 1.000000 0.000000 0.000000
-0.047309 0.029202 0.018588 1.000000 0.000000 0.000000
-0.052306 0.026491 0.021806 1.000000 0.000000 0.000000
0.000000 0.000000 0.000000 0.000000 0.000000 0.000000
-0.052289 0.026573 0.015274 1.000000 0.000000 0.000000
0.000000 0.000000 0.000000 0.000000 0.000000 0.000000
0.000000 0.000000 0.000000 0.000000 0.000000 0.000000
0.000000 0.000000 0.000000 0.000000 0.000000 0.000000
0.000000 0.000000 0.000000 0.000000 0.000000 0.000000
0.000000 0.000000 0.000000 0.000000 0.000000 0.000000
0.000000 0.000000 0.000000 0.000000 0.000000 0.000000
0.000000 0.000000 0.000000 0.000000 0.000000 0.000000
0.000000 0.000000 0.000000 0.000000 0.000000 0.000000
0.000000 0.000000 0.000000 0.000000 0.000000 0.000000
0.000000 0.000000 0.000000 0.000000 0.000000 0.000000
0.000000 0.000000 0.000000 0.000000 0.000000 0.000000
0.000000 0.000000 0.000000 0.000000 0.000000 0.000000
0.000000 0.000000 0.000000 0.000000 0.000000 0.000000
0.000000 0.000000 0.000000 0.000000 0.000000 0.000000
0.000000 0.000000 0.000000 0.000000 0.000000 0.000000
0.000000 0.000000 0.000000 0.000000 0.000000 0.000000
0.000000 0.000000 0.000000 0.000000 0.000000 0.000000
0.000000 0.000000 0.000000 0.000000 0.000000 0.000000
0.000000 0.000000 0.000000 0.000000 0.000000 0.000000
0.000000 0.000000 0.000000 0.000000 0.000000 0.000000
0.000000 0.000000 0.000000 0.000000 0.000000 0.000000
0.000000 0.000000 0.000000 0.000000 0.000000 0.000000
0.000000 0.000000 0.000000 0.000000 0.000000 0.000000
0.000000 0.000000 0.000000 0.000000 0.000000 0.000000
0.000000 0.000000 0.000000 0.000000 0.000000 0.000000
0.000000 0.000000 0.000000 0.000000 0.000000 0.000000
0.000000 0.000000 0.000000 0.000000 0.000000 0.000000
0.000000 0.000000 0.000000 0.000000 0.000000 0.000000
0.000000 0.000000 0.000000 0.000000 0.000000 0.000000
0.000000 0.000000 0.000000 0.000000 0.000000 0.000000
0.000000 0.000000 0.000000 0.000000 0.000000 0.000000
0.000000 0.000000 0.000000 0.000000 0.000000 0.000000
0.000000 0.000000 0.000000 0.000000 0.000000 0.000000
0.000000 0.000000 0.000000 0.000000 0.000000 0.000000
0.000000 0.000000 0.000000 0.000000 0.000000 0.000000
0.000000 0.000000 0.000000 0.000000 0.000000 0.000000
-0.052361 0.026237 0.042201 1.000000 0.000000 0.000000
-0.052342 0.026319 0.035666 1.000000 0.000000 0.000000
-0.047363 0.028947 0.038980 1.000000 0.000000 0.000000
-0.047381 0.028865 0.045514 1.000000 0.000000 0.000000
-0.042383 0.031576 0.042293 1.000000 0.000000 0.000000
-0.037403 0.034204 0.045606 1.000000 0.000000 0.000000
0.000000 0.000000 0.000000 0.000000 0.000000 0.000000
-0.042402 0.031493 0.048827 1.000000 0.000000 0.000000
-0.047399 0.028783 0.052049 1.000000 0.000000 0.000000
-0.052397 0.026073 0.055267 1.000000 0.000000 0.000000
0.000000 0.000000 0.000000 0.000000 0.000000 0.000000
-0.052380 0.026154 0.048735 1.000000 0.000000 0.000000
-0.043595 0.031040 0.032085 1.000000 0.000000 0.000000
-0.048576 0.028411 0.028770 1.000000 0.000000 0.000000
-0.043579 0.031121 0.025551 1.000000 0.000000 0.000000
-0.038598 0.033750 0.028866 1.000000 0.000000 0.000000
-0.038581 0.033832 0.022331 1.000000 0.000000 0.000000
-0.033584 0.036542 0.019112 1.000000 0.000000 0.000000
0.000000 0.000000 0.000000 0.000000 0.000000 0.000000
-0.033601 0.036460 0.025646 1.000000 0.000000 0.000000
-0.033618 0.036379 0.032181 1.000000 0.000000 0.000000
-0.033636 0.036297 0.038713 1.000000 0.000000 0.000000
0.000000 0.000000 0.000000 0.000000 0.000000 0.000000
-0.038615 0.033669 0.035400 1.000000 0.000000 0.000000
0.000000 0.000000 0.000000 0.000000 0.000000 0.000000
0.000000 0.000000 0.000000 0.000000 0.000000 0.000000
0.000000 0.000000 0.000000 0.000000 0.000000 0.000000
0.000000 0.000000 0.000000 0.000000 0.000000 0.000000
0.000000 0.000000 0.000000 0.000000 0.000000 0.000000
0.000000 0.000000 0.000000 0.000000 0.000000 0.000000
0.000000 0.000000 0.000000 0.000000 0.000000 0.000000
0.000000 0.000000 0.000000 0.000000 0.000000 0.000000
0.000000 0.000000 0.000000 0.000000 0.000000 0.000000
0.000000 0.000000 0.000000 0.000000 0.000000 0.000000
0.000000 0.000000 0.000000 0.000000 0.000000 0.000000
0.000000 0.000000 0.000000 0.000000 0.000000 0.000000
0.000000 0.000000 0.000000 0.000000 0.000000 0.000000
0.000000 0.000000 0.000000 0.000000 0.000000 0.000000
0.000000 0.000000 0.000000 0.000000 0.000000 0.000000
0.000000 0.000000 0.000000 0.000000 0.000000 0.000000
0.000000 0.000000 0.000000 0.000000 0.000000 0.000000
0.000000 0.000000 0.000000 0.000000 0.000000 0.000000
0.000000 0.000000 0.000000 0.000000 0.000000 0.000000
0.000000 0.000000 0.000000 0.000000 0.000000 0.000000
0.000000 0.000000 0.000000 0.000000 0.000000 0.000000
0.000000 0.000000 0.000000 0.000000 0.000000 0.000000
0.000000 0.000000 0.000000 0.000000 0.000000 0.000000
0.000000 0.000000 0.000000 0.000000 0.000000 0.000000
-0.020432 -0.035039 -0.012049 1.000000 0.000000 0.000000
-0.025913 -0.033620 -0.015314 1.000000 0.000000 0.000000
-0.025939 -0.033735 -0.008782 1.000000 0.000000 0.000000
-0.020458 -0.035153 -0.005517 1.000000 0.000000 0.000000
-0.025965 -0.033849 -0.002249 1.000000 0.000000 0.000000
-0.025990 -0.033963 0.004283 1.000000 0.000000 0.000000
0.000000 0.000000 0.000000 0.000000 0.000000 0.000000
-0.020484 -0.035268 0.001014 1.000000 0.000000 0.000000
-0.014977 -0.036572 -0.002253 1.000000 0.000000 0.000000
-0.009473 -0.037876 -0.005522 1.000000 0.000000 0.000000
0.000000 0.000000 0.000000 0.000000 0.000000 0.000000
-0.014951 -0.036458 -0.008786 1.000000 0.000000 0.000000
-0.016703 -0.036099 0.007943 1.000000 0.000000 0.000000
-0.022370 -0.036220 0.011194 1.000000 0.000000 0.000000
-0.016722 -0.036181 0.014477 1.000000 0.000000 0.000000
-0.011054 -0.036061 0.011225 1.000000 0.000000 0.000000
-0.011073 -0.036143 0.017760 1.000000 0.000000 0.000000
-0.005424 -0.036104 0.021042 1.000000 0.000000 0.000000
0.000000 0.000000 0.000000 0.000000 0.000000 0.000000
-0.005406 -0.036022 0.014508 1.000000 0.000000 0.000000
-0.005387 -0.035940 0.007974 1.000000 0.000000 0.000000
-0.005370 -0.035859 0.001442 1.000000 0.000000 0.000000
0.000000 0.000000 0.000000 0.000000 0.000000 0.000000
-0.011036 -0.035979 0.004691 1.000000 0.000000 0.000000
0.000000 0.000000 0.000000 0.000000 0.000000 0.000000
0.000000 0.000000 0.000000 0.000000 0.000000 0.000000
0.000000 0.000000 0.000000 0.000000 0.000000 0.000000
0.000000 0.000000 0.000000 0.000000 0.000000 0.000000
0.000000 0.000000 0.000000 0.000000 0.000000 0.000000
0.000000 0.000000 0.000000 0.000000 0.000000 0.000000
0.000000 0.000000 0.000000 0.000000 0.000000 0.000000
0.000000 0.000000 0.000000 0.000000 0.000000 0.000000
0.000000 0.000000 0.000000 0.000000 0.000000 0.000000
0.000000 0.000000 0.000000 0.000000 0.000000 0.000000
0.000000 0.000000 0.000000 0.000000 0.000000 0.000000
0.000000 0.000000 0.000000 0.000000 0.000000 0.000000
0.000000 0.000000 0.000000 0.000000 0.000000 0.000000
0.000000 0.000000 0.000000 0.000000 0.000000 0.000000
0.000000 0.000000 0.000000 0.000000 0.000000 0.000000
0.000000 0.000000 0.000000 0.000000 0.000000 0.000000
0.000000 0.000000 0.000000 0.000000 0.000000 0.000000
0.000000 0.000000 0.000000 0.000000 0.000000 0.000000
0.000000 0.000000 0.000000 0.000000 0.000000 0.000000
0.000000 0.000000 0.000000 0.000000 0.000000 0.000000
0.000000 0.000000 0.000000 0.000000 0.000000 0.000000
0.000000 0.000000 0.000000 0.000000 0.000000 0.000000
0.000000 0.000000 0.000000 0.000000 0.000000 0.000000
0.000000 0.000000 0.000000 0.000000 0.000000 0.000000
0.000000 0.000000 0.000000 0.000000 0.000000 0.000000
0.000000 0.000000 0.000000 0.000000 0.000000 0.000000
0.000000 0.000000 0.000000 0.000000 0.000000 0.000000
0.000000 0.000000 0.000000 0.000000 0.000000 0.000000
0.000000 0.000000 0.000000 0.000000 0.000000 0.000000
0.000000 0.000000 0.000000 0.000000 0.000000 0.000000
0.000000 0.000000 0.000000 0.000000 0.000000 0.000000
0.000000 0.000000 0.000000 0.000000 0.000000 0.000000
0.000000 0.000000 0.000000 0.000000 0.000000 0.000000
0.000000 0.000000 0.000000 0.000000 0.000000 0.000000
0.000000 0.000000 0.000000 0.000000 0.000000 0.000000
0.000000 0.000000 0.000000 0.000000 0.000000 0.000000
0.000000 0.000000 0.000000 0.000000 0.000000 0.000000
0.000000 0.000000 0.000000 0.000000 0.000000 0.000000
0.000000 0.000000 0.000000 0.000000 0.000000 0.000000
0.000000 0.000000 0.000000 0.000000 0.000000 0.000000
0.000000 0.000000 0.000000 0.000000 0.000000 0.000000
0.000000 0.000000 0.000000 0.000000 0.000000 0.000000
0.000000 0.000000 0.000000 0.000000 0.000000 0.000000
0.000000 0.000000 0.000000 0.000000 0.000000 0.000000
0.000000 0.000000 0.000000 0.000000 0.000000 0.000000
0.000000 0.000000 0.000000 0.000000 0.000000 0.000000
0.000000 0.000000 0.000000 0.000000 0.000000 0.000000
0.000000 0.000000 0.000000 0.000000 0.000000 0.000000
-0.054300 -0.027857 0.081401 1.000000 0.000000 0.000000
-0.054302 -0.027877 0.087936 1.000000 0.000000 0.000000
-0.048811 -0.029234 0.084667 1.000000 0.000000 0.000000
-0.048809 -0.029214 0.078132 1.000000 0.000000 0.000000
-0.043319 -0.030591 0.081398 1.000000 0.000000 0.000000
-0.037827 -0.031948 0.078129 1.000000 0.000000 0.000000
0.000000 0.000000 0.000000 0.000000 0.000000 0.000000
-0.043318 -0.030571 0.074863 1.000000 0.000000 0.000000
-0.048808 -0.029194 0.071597 1.000000 0.000000 0.000000
-0.054297 -0.027817 0.068334 1.000000 0.000000 0.000000
0.000000 0.000000 0.000000 0.000000 0.000000 0.000000
-0.054300 -0.027837 0.074866 1.000000 0.000000 0.000000
0.000000 0.000000 0.000000 0.000000 0.000000 0.000000
0.000000 0.000000 0.000000 0.000000 0.000000 0.000000
0.000000 0.000000 0.000000 0.000000 0.000000 0.000000
0.000000 0.000000 0.000000 0.000000 0.000000 0.000000
0.000000 0.000000 0.000000 0.000000 0.000000 0.000000
0.000000 0.000000 0.000000 0.000000 0.000000 0.000000
0.000000 0.000000 0.000000 0.000000 0.000000 0.000000
0.000000 0.000000 0.000000 0.000000 0.000000 0.000000
0.000000 0.000000 0.000000 0.000000 0.000000 0.000000
0.000000 0.000000 0.000000 0.000000 0.000000 0.000000
0.000000 0.000000 0.000000 0.000000 0.000000 0.000000
0.000000 0.000000 0.000000 0.000000 0.000000 0.000000
-0.026140 -0.034673 0.064668 1.000000 0.000000 0.000000
-0.026157 -0.034755 0.071203 1.000000 0.000000 0.000000
-0.020657 -0.036078 0.067934 1.000000 0.000000 0.000000
-0.020640 -0.035996 0.061400 1.000000 0.000000 0.000000
-0.015156 -0.037400 0.064665 1.000000 0.000000 0.000000
-0.009656 -0.038722 0.061397 1.000000 0.000000 0.000000
0.000000 0.000000 0.000000 0.000000 0.000000 0.000000
-0.015140 -0.037318 0.058131 1.000000 0.000000 0.000000
-0.020623 -0.035914 0.054865 1.000000 0.000000 0.000000
-0.026105 -0.034510 0.051602 1.000000 0.000000 0.000000
0.000000 0.000000 0.000000 0.000000 0.000000 0.000000
-0.026124 -0.034591 0.058134 1.000000 0.000000 0.000000
-0.039409 -0.031423 0.067940 1.000000 0.000000 0.000000
-0.033924 -0.032827 0.071204 1.000000 0.000000 0.000000
-0.033907 -0.032745 0.064672 1.000000 0.000000 0.000000
-0.039391 -0.031341 0.061407 1.000000 0.000000 0.000000
-0.033889 -0.032664 0.058138 1.000000 0.000000 0.000000
-0.033871 -0.032582 0.051606 1.000000 0.000000 0.000000
0.000000 0.000000 0.000000 0.000000 0.000000 0.000000
-0.039373 -0.031259 0.054875 1.000000 0.000000 0.000000
-0.044876 -0.029936 0.058143 1.000000 0.000000 0.000000
-0.050375 -0.028614 0.061412 1.000000 0.000000 0.000000
0.000000 0.000000 0.000000 0.000000 0.000000 0.000000
-0.044893 -0.030018 0.064676 1.000000 0.000000 0.000000
-0.043239 -0.030208 0.047944 1.000000 0.000000 0.000000
-0.037738 -0.031530 0.044674 1.000000 0.000000 0.000000
-0.043220 -0.030126 0.041410 1.000000 0.000000 0.000000
-0.048722 -0.028804 0.044680 1.000000 0.000000 0.000000
-0.048703 -0.028722 0.038146 1.000000 0.000000 0.000000
-0.054185 -0.027318 0.034882 1.000000 0.000000 0.000000
0.000000 0.000000 0.000000 0.000000 0.000000 0.000000
-0.054204 -0.027400 0.041416 1.000000 0.000000 0.000000
-0.054223 -0.027481 0.047951 1.000000 0.000000 0.000000
-0.054240 -0.027563 0.054483 1.000000 0.000000 0.000000
0.000000 0.000000 0.000000 0.000000 0.000000 0.000000
-0.048740 -0.028886 0.051215 1.000000 0.000000 0.000000
-0.033801 -0.032244 0.024677 1.000000 0.000000 0.000000
-0.033784 -0.032162 0.018143 1.000000 0.000000 0.000000
-0.039284 -0.030840 0.021411 1.000000 0.000000 0.000000
-0.039301 -0.030922 0.027946 1.000000 0.000000 0.000000
-0.044784 -0.029517 0.024680 1.000000 0.000000 0.000000
-0.050284 -0.028195 0.027949 1.000000 0.000000 0.000000
0.000000 0.000000 0.000000 0.000000 0.000000 0.000000
-0.044801 -0.029600 0.031214 1.000000 0.000000 0.000000
-0.039318 -0.031004 0.034481 1.000000 0.000000 0.000000
-0.033835 -0.032408 0.037744 1.000000 0.000000 0.000000
0.000000 0.000000 0.000000 0.000000 0.000000 0.000000
-0.033817 -0.032326 0.031212 1.000000 0.000000 0.000000
-0.026049 -0.034254 0.031207 1.000000 0.000000 0.000000
-0.026066 -0.034336 0.037741 1.000000 0.000000 0.000000
-0.020566 -0.035659 0.034473 1.000000 0.000000 0.000000
-0.020549 -0.035577 0.027938 1.000000 0.000000 0.000000
-0.015065 -0.036981 0.031204 1.000000 0.000000 0.000000
-0.009566 -0.038303 0.027936 1.000000 0.000000 0.000000
0.000000 0.000000 0.000000 0.000000 0.000000 0.000000
-0.015049 -0.036899 0.024670 1.000000 0.000000 0.000000
-0.020532 -0.035495 0.021404 1.000000 0.000000 0.000000
-0.026015 -0.034091 0.018141 1.000000 0.000000 0.000000
0.000000 0.000000 0.000000 0.000000 0.000000 0.000000
-0.026033 -0.034172 0.024673 1.000000 0.000000 0.000000
-0.016801 -0.036519 0.041475 1.000000 0.000000 0.000000
-0.022468 -0.036639 0.044727 1.000000 0.000000 0.000000
-0.016820 -0.036601 0.048010 1.000000 0.000000 0.000000
-0.011152 -0.036481 0.044758 1.000000 0.000000 0.000000
-0.011171 -0.036563 0.051293 1.000000 0.000000 0.000000
-0.005522 -0.036524 0.054575 1.000000 0.000000 0.000000
0.000000 0.000000 0.000000 0.000000 0.000000 0.000000
-0.005504 -0.036442 0.048040 1.000000 0.000000 0.000000
-0.005485 -0.036360 0.041506 1.000000 0.000000 0.000000
-0.005468 -0.036279 0.034974 1.000000 0.000000 0.000000
0.000000 0.000000 0.000000 0.000000 0.000000 0.000000
-0.011134 -0.036399 0.038223 1.000000 0.000000 0.000000
-0.043149 -0.029789 0.014483 1.000000 0.000000 0.000000
-0.037647 -0.031112 0.011213 1.000000 0.000000 0.000000
-0.043130 -0.029708 0.007949 1.000000 0.000000 0.000000
-0.048631 -0.028385 0.011219 1.000000 0.000000 0.000000
-0.048613 -0.028303 0.004684 1.000000 0.000000 0.000000
-0.054095 -0.026899 0.001420 1.000000 0.000000 0.000000
0.000000 0.000000 0.000000 0.000000 0.000000 0.000000
-0.054113 -0.026981 0.007955 1.000000 0.000000 0.000000
-0.054133 -0.027062 0.014489 1.000000 0.000000 0.000000
-0.054149 -0.027144 0.021021 1.000000 0.000000 0.000000
0.000000 0.000000 0.000000 0.000000 0.000000 0.000000
-0.048649 -0.028467 0.017754 1.000000 0.000000 0.000000
-0.033703 -0.031797 -0.008775 1.000000 0.000000 0.000000
-0.033673 -0.031665 -0.015309 1.000000 0.000000 0.000000
-0.039179 -0.030365 -0.012041 1.000000 0.000000 0.000000
-0.039208 -0.030498 -0.005507 1.000000 0.000000 0.000000
-0.044685 -0.029065 -0.008773 1.000000 0.000000 0.000000
-0.050191 -0.027765 -0.005505 1.000000 0.000000 0.000000
0.000000 0.000000 0.000000 0.000000 0.000000 0.000000
-0.044714 -0.029198 -0.002239 1.000000 0.000000 0.000000
-0.039238 -0.030630 0.001026 1.000000 0.000000 0.000000
-0.033762 -0.032062 0.004289 1.000000 0.000000 0.000000
0.000000 0.000000 0.000000 0.000000 0.000000 0.000000
-0.033731 -0.031930 -0.002242 1.000000 0.000000 0.000000
0.015626 0.030683 0.013824 1.000000 0.000000 0.000000
0.012791 0.032482 0.008217 1.000000 0.000000 0.000000
0.017590 0.028049 0.008176 1.000000 0.000000 0.000000
0.020425 0.026250 0.013782 1.000000 0.000000 0.000000
0.022389 0.023615 0.008134 1.000000 0.000000 0.000000
0.027188 0.019182 0.008092 1.000000 0.000000 0.000000
0.000000 0.000000 0.000000 0.000000 0.000000 0.000000
0.025223 0.021817 0.013740 1.000000 0.000000 0.000000
0.023259 0.024451 0.019389 1.000000 0.000000 0.000000
0.021294 0.027085 0.025035 1.000000 0.000000 0.000000
0.000000 0.000000 0.000000 0.000000 0.000000 0.000000
0.018460 0.028884 0.019431 1.000000 0.000000 0.000000
0.000000 0.000000 0.000000 0.000000 0.000000 0.000000
0.000000 0.000000 0.000000 0.000000 0.000000 0.000000
0.000000 0.000000 0.000000 0.000000 0.000000 0.000000
0.000000 0.000000 0.000000 0.000000 0.000000 0.000000
0.000000 0.000000 0.000000 0.000000 0.000000 0.000000
0.000000 0.000000 0.000000 0.000000 0.000000 0.000000
0.000000 0.000000 0.000000 0.000000 0.000000 0.000000
0.000000 0.000000 0.000000 0.000000 0.000000 0.000000
0.000000 0.000000 0.000000 0.000000 0.000000 0.000000
0.000000 0.000000 0.000000 0.000000 0.000000 0.000000
0.000000 0.000000 0.000000 0.000000 0.000000 0.000000
0.000000 0.000000 0.000000 0.000000 0.000000 0.000000
0.000000 0.000000 0.000000 0.000000 0.000000 0.000000
0.000000 0.000000 0.000000 0.000000 0.000000 0.000000
0.000000 0.000000 0.000000 0.000000 0.000000 0.000000
0.000000 0.000000 0.000000 0.000000 0.000000 0.000000
0.000000 0.000000 0.000000 0.000000 0.000000 0.000000
0.000000 0.000000 0.000000 0.000000 0.000000 0.000000
0.000000 0.000000 0.000000 0.000000 0.000000 0.000000
0.000000 0.000000 0.000000 0.000000 0.000000 0.000000
0.000000 0.000000 0.000000 0.000000 0.000000 0.000000
0.000000 0.000000 0.000000 0.000000 0.000000 0.000000
0.000000 0.000000 0.000000 0.000000 0.000000 0.000000
0.000000 0.000000 0.000000 0.000000 0.000000 0.000000
0.000000 0.000000 0.000000 0.000000 0.000000 0.000000
0.000000 0.000000 0.000000 0.000000 0.000000 0.000000
0.000000 0.000000 0.000000 0.000000 0.000000 0.000000
0.000000 0.000000 0.000000 0.000000 0.000000 0.000000
0.000000 0.000000 0.000000 0.000000 0.000000 0.000000
0.000000 0.000000 0.000000 0.000000 0.000000 0.000000
0.000000 0.000000 0.000000 0.000000 0.000000 0.000000
0.000000 0.000000 0.000000 0.000000 0.000000 0.000000
0.000000 0.000000 0.000000 0.000000 0.000000 0.000000
0.000000 0.000000 0.000000 0.000000 0.000000 0.000000
0.000000 0.000000 0.000000 0.000000 0.000000 0.000000
0.000000 0.000000 0.000000 0.000000 0.000000 0.000000
0.000000 0.000000 0.000000 0.000000 0.000000 0.000000
0.000000 0.000000 0.000000 0.000000 0.000000 0.000000
0.000000 0.000000 0.000000 0.000000 0.000000 0.000000
0.000000 0.000000 0.000000 0.000000 0.000000 0.000000
0.000000 0.000000 0.000000 0.000000 0.000000 0.000000
0.000000 0.000000 0.000000 0.000000 0.000000 0.000000
0.000000 0.000000 0.000000 0.000000 0.000000 0.000000
0.000000 0.000000 0.000000 0.000000 0.000000 0.000000
0.000000 0.000000 0.000000 0.000000 0.000000 0.000000
0.000000 0.000000 0.000000 0.000000 0.000000 0.000000
0.000000 0.000000 0.000000 0.000000 0.000000 0.000000
0.000000 0.000000 0.000000 0.000000 0.000000 0.000000
0.026896 0.011703 -0.022098 1.000000 0.000000 0.000000
0.029833 0.005866 -0.022163 1.000000 0.000000 0.000000
0.029498 0.009292 -0.016610 1.000000 0.000000 0.000000
0.026561 0.015129 -0.016546 1.000000 0.000000 0.000000
0.029163 0.012719 -0.011057 1.000000 0.000000 0.000000
0.028828 0.016145 -0.005505 1.000000 0.000000 0.000000
0.000000 0.000000 0.000000 0.000000 0.000000 0.000000
0.026226 0.018556 -0.010993 1.000000 0.000000 0.000000
0.023624 0.020967 -0.016481 1.000000 0.000000 0.000000
0.021023 0.023376 -0.021969 1.000000 0.000000 0.000000
0.000000 0.000000 0.000000 0.000000 0.000000 0.000000
0.023959 0.017540 -0.022035 1.000000 0.000000 0.000000
0.000000 0.000000 0.000000 0.000000 0.000000 0.000000
0.000000 0.000000 0.000000 0.000000 0.000000 0.000000
0.000000 0.000000 0.000000 0.000000 0.000000 0.000000
0.000000 0.000000 0.000000 0.000000 0.000000 0.000000
0.000000 0.000000 0.000000 0.000000 0.000000 0.000000
0.000000 0.000000 0.000000 0.000000 0.000000 0.000000
0.000000 0.000000 0.000000 0.000000 0.000000 0.000000
0.000000 0.000000 0.000000 0.000000 0.000000 0.000000
0.000000 0.000000 0.000000 0.000000 0.000000 0.000000
0.000000 0.000000 0.000000 0.000000 0.000000 0.000000
0.000000 0.000000 0.000000 0.000000 0.000000 0.000000
0.000000 0.000000 0.000000 0.000000 0.000000 0.000000
0.000000 0.000000 0.000000 0.000000 0.000000 0.000000
0.000000 0.000000 0.000000 0.000000 0.000000 0.000000
0.000000 0.000000 0.000000 0.000000 0.000000 0.000000
0.000000 0.000000 0.000000 0.000000 0.000000 0.000000
0.000000 0.000000 0.000000 0.000000 0.000000 0.000000
0.000000 0.000000 0.000000 0.000000 0.000000 0.000000
0.000000 0.000000 0.000000 0.000000 0.000000 0.000000
0.000000 0.000000 0.000000 0.000000 0.000000 0.000000
0.000000 0.000000 0.000000 0.000000 0.000000 0.000000
0.000000 0.000000 0.000000 0.000000 0.000000 0.000000
0.000000 0.000000 0.000000 0.000000 0.000000 0.000000
0.000000 0.000000 0.000000 0.000000 0.000000 0.000000
0.012186 -0.032722 -0.006169 1.000000 0.000000 0.000000
0.009715 -0.034953 -0.000545 1.000000 0.000000 0.000000
0.014831 -0.030892 -0.000480 1.000000 0.000000 0.000000
0.017302 -0.028660 -0.006104 1.000000 0.000000 0.000000
0.019949 -0.026830 -0.000416 1.000000 0.000000 0.000000
0.025066 -0.022769 -0.000351 1.000000 0.000000 0.000000
0.000000 0.000000 0.000000 0.000000 0.000000 0.000000
0.022419 -0.024599 -0.006039 1.000000 0.000000 0.000000
0.019773 -0.026429 -0.011727 1.000000 0.000000 0.000000
0.017127 -0.028259 -0.017412 1.000000 0.000000 0.000000
0.000000 0.000000 0.000000 0.000000 0.000000 0.000000
0.014656 -0.030491 -0.011792 1.000000 0.000000 0.000000
0.023505 -0.018586 -0.022480 1.000000 0.000000 0.000000
0.020673 -0.024475 -0.022561 1.000000 0.000000 0.000000
0.023212 -0.022148 -0.017009 1.000000 0.000000 0.000000
0.026044 -0.016259 -0.016928 1.000000 0.000000 0.000000
0.025751 -0.019821 -0.011457 1.000000 0.000000 0.000000
0.028289 -0.017493 -0.005905 1.000000 0.000000 0.000000
0.000000 0.000000 0.000000 0.000000 0.000000 0.000000
0.028583 -0.013932 -0.011377 1.000000 0.000000 0.000000
0.028876 -0.010370 -0.016848 1.000000 0.000000 0.000000
0.029169 -0.006811 -0.022318 1.000000 0.000000 0.000000
0.000000 0.000000 0.000000 0.000000 0.000000 0.000000
0.026337 -0.012698 -0.022400 1.000000 0.000000 0.000000
0.030767 0.003622 -0.014542 1.000000 0.000000 0.000000
0.030384 0.000419 -0.020226 1.000000 0.000000 0.000000
0.030912 -0.002910 -0.014630 1.000000 0.000000 0.000000
0.031294 0.000293 -0.008946 1.000000 0.000000 0.000000
0.031440 -0.006240 -0.009033 1.000000 0.000000 0.000000
0.031967 -0.009569 -0.003436 1.000000 0.000000 0.000000
0.000000 0.000000 0.000000 0.000000 0.000000 0.000000
0.031822 -0.003036 -0.003350 1.000000 0.000000 0.000000
0.031677 0.003496 -0.003263 1.000000 0.000000 0.000000
0.031531 0.010027 -0.003178 1.000000 0.000000 0.000000
0.000000 0.000000 0.000000 0.000000 0.000000 0.000000
0.031149 0.006826 -0.008860 1.000000 0.000000 0.000000
0.031436 0.005576 0.011351 1.000000 0.000000 0.000000
0.031405 0.008913 0.005732 1.000000 0.000000 0.000000
0.031497 0.002381 0.005650 1.000000 0.000000 0.000000
0.031528 -0.000956 0.011269 1.000000 0.000000 0.000000
0.031589 -0.004152 0.005569 1.000000 0.000000 0.000000
0.031681 -0.010684 0.005487 1.000000 0.000000 0.000000
0.000000 0.000000 0.000000 0.000000 0.000000 0.000000
0.031620 -0.007488 0.011188 1.000000 0.000000 0.000000
0.031558 -0.004294 0.016888 1.000000 0.000000 0.000000
0.031497 -0.001098 0.022585 1.000000 0.000000 0.000000
0.000000 0.000000 0.000000 0.000000 0.000000 0.000000
0.031467 0.002239 0.016969 1.000000 0.000000 0.000000
0.000000 0.000000 0.000000 0.000000 0.000000 0.000000
0.000000 0.000000 0.000000 0.000000 0.000000 0.000000
0.000000 0.000000 0.000000 0.000000 0.000000 0.000000
0.000000 0.000000 0.000000 0.000000 0.000000 0.000000
0.000000 0.000000 0.000000 0.000000 0.000000 0.000000
0.000000 0.000000 0.000000 0.000000 0.000000 0.000000
0.000000 0.000000 0.000000 0.000000 0.000000 0.000000
0.000000 0.000000 0.000000 0.000000 0.000000 0.000000
0.000000 0.000000 0.000000 0.000000 0.000000 0.000000
0.000000 0.000000 0.000000 0.000000 0.000000 0.000000
0.000000 0.000000 0.000000 0.000000 0.000000 0.000000
0.000000 0.000000 0.000000 0.000000 0.000000 0.000000
0.017097 -0.030053 0.018691 1.000000 0.000000 0.000000
0.019643 -0.028080 0.024378 1.000000 0.000000 0.000000
0.021908 -0.025631 0.018761 1.000000 0.000000 0.000000
0.019363 -0.027604 0.013074 1.000000 0.000000 0.000000
0.024174 -0.023182 0.013143 1.000000 0.000000 0.000000
0.026440 -0.020732 0.007526 1.000000 0.000000 0.000000
0.000000 0.000000 0.000000 0.000000 0.000000 0.000000
0.021628 -0.025154 0.007457 1.000000 0.000000 0.000000
0.016817 -0.029576 0.007387 1.000000 0.000000 0.000000
0.012008 -0.033996 0.007320 1.000000 0.000000 0.000000
0.000000 0.000000 0.000000 0.000000 0.000000 0.000000
0.014551 -0.032026 0.013005 1.000000 0.000000 0.000000
0.000000 0.000000 0.000000 0.000000 0.000000 0.000000
0.000000 0.000000 0.000000 0.000000 0.000000 0.000000
0.000000 0.000000 0.000000 0.000000 0.000000 0.000000
0.000000 0.000000 0.000000 0.000000 0.000000 0.000000
0.000000 0.000000 0.000000 0.000000 0.000000 0.000000
0.000000 0.000000 0.000000 0.000000 0.000000 0.000000
0.000000 0.000000 0.000000 0.000000 0.000000 0.000000
0.000000 0.000000 0.000000 0.000000 0.000000 0.000000
0.000000 0.000000 0.000000 0.000000 0.000000 0.000000
0.000000 0.000000 0.000000 0.000000 0.000000 0.000000
0.000000 0.000000 0.000000 0.000000 0.000000 0.000000
0.000000 0.000000 0.000000 0.000000 0.000000 0.000000
0.015734 0.029725 -0.011055 1.000000 0.000000 0.000000
0.018204 0.027630 -0.016731 1.000000 0.000000 0.000000
0.020866 0.025680 -0.011093 1.000000 0.000000 0.000000
0.018397 0.027775 -0.005417 1.000000 0.000000 0.000000
0.023529 0.023730 -0.005454 1.000000 0.000000 0.000000
0.026192 0.021779 0.000184 1.000000 0.000000 0.000000
0.000000 0.000000 0.000000 0.000000 0.000000 0.000000
0.021059 0.025825 0.000221 1.000000 0.000000 0.000000
0.015927 0.029870 0.000259 1.000000 0.000000 0.000000
0.010797 0.033914 0.000295 1.000000 0.000000 0.000000
0.000000 0.000000 0.000000 0.000000 0.000000 0.000000
0.013264 0.031820 -0.005379 1.000000 0.000000 0.000000